44.4537
43.7942
43.1468
42.5227
41.9196
41.3278
40.7491
40.1902
39.6484
39.1156
38.6015
38.1075
37.628
37.1606
36.7078
36.2746
35.8555
35.4448
35.0484
34.6703
34.3075
33.9567
33.6155
33.2863
32.9731
32.6736
32.3822
32.0997
31.8323
31.5831
31.3496
31.1283
30.916
30.7118
30.5186
30.3386
30.1717
30.0153
29.8697
29.7378
29.6217
29.5197
29.4277
29.3426
29.2644
29.1954
29.1396
29.0995
29.0759
29.0653
29.0636
29.0674
29.0775
29.0981
29.1329
29.1837
29.2487
29.3241
29.4078
29.4994
29.6007
29.7145
29.8419
29.9828
30.1365
30.3019
30.4785
30.6666
30.8657
31.0751
31.2958
31.5311
31.7834
32.0519
32.3319
32.6195
32.916
33.2271
33.556
33.8984
34.2489
34.6106
34.9926
35.3969
35.8131
36.2321
36.6589
37.1054
37.5757
38.063
38.5621
39.0751
39.607
40.1595
40.7323
41.322
41.919
42.5217
43.1499
43.81
44.4749
43.2804
42.6256
41.9821
41.3652
40.7642
40.1767
39.6069
39.0598
38.5252
38.0025
37.5007
37.0151
36.542
36.08
35.6343
35.2068
34.7893
34.3812
33.9899
33.6161
33.2565
32.9082
32.5708
32.248
31.9418
31.6469
31.3592
31.0818
30.8204
30.5762
30.3462
30.1278
29.9183
29.718
29.5295
29.3537
29.1892
29.0335
28.8888
28.7585
28.6449
28.545
28.4548
28.3708
28.2936
28.225
28.1697
28.1302
28.107
28.0969
28.095
28.0988
28.109
28.1295
28.1644
28.2146
28.2785
28.3529
28.4353
28.5258
28.6261
28.7384
28.8643
29.0035
29.1548
29.3174
29.4909
29.6751
29.8704
30.0768
30.2945
30.5252
30.7717
31.0346
31.31
31.5933
31.8844
32.1887
32.5115
32.851
33.2007
33.5599
33.9364
34.3356
34.7508
35.1702
35.5939
36.0336
36.4969
36.9791
37.4722
37.9761
38.4963
39.0366
39.5977
40.1788
40.7734
41.3743
41.9928
42.6463
43.3149
42.1104
41.4583
40.8295
40.2261
39.6371
39.0617
38.5051
37.9667
37.4353
36.9194
36.4225
35.9399
35.4696
35.0127
34.5755
34.1548
33.7426
33.3431
32.9615
32.5957
32.2424
31.8994
31.5679
31.2524
30.9518
30.6598
30.3746
30.101
29.8432
29.6012
29.3723
29.1545
28.9457
28.7474
28.5619
28.3886
28.2247
28.0687
27.9243
27.7953
27.6834
27.5849
27.4958
27.4128
27.3362
27.2686
27.2136
27.1747
27.1517
27.1417
27.1399
27.1437
27.1544
27.1754
27.2104
27.2602
27.3231
27.3966
27.4787
27.5688
27.6689
27.7809
27.906
28.0445
28.1954
28.357
28.529
28.7119
28.906
29.1114
29.3284
29.558
29.8018
30.0609
30.3333
30.6142
30.9017
31.1999
31.5153
31.8488
32.1941
32.5473
32.9136
33.3012
33.7084
34.1237
34.5425
34.9743
35.4305
35.9102
36.4037
36.9063
37.4219
37.9551
38.5069
39.0765
39.6606
40.2517
40.8531
41.4864
42.1514
40.9776
40.3364
39.7218
39.1242
38.5396
37.9697
37.4215
36.8868
36.362
35.8573
35.37
34.8966
34.4353
33.9895
33.5632
33.1487
32.7418
32.3491
31.9727
31.6098
31.2576
30.915
30.5854
30.2728
29.9734
29.6813
29.3972
29.1263
28.8714
28.6313
28.4037
28.1868
27.9799
27.7854
27.604
27.4339
27.2713
27.1167
26.9739
26.8476
26.7376
26.6411
26.5532
26.472
26.3967
26.3304
26.2764
26.2381
26.2155
26.2051
26.2033
26.2072
26.2184
26.2402
26.2749
26.3237
26.3853
26.4571
26.538
26.6276
26.7267
26.8374
26.9611
27.0977
27.2465
27.4064
27.5763
27.7564
27.9482
28.1523
28.3684
28.5968
28.8389
29.0958
29.3665
29.647
29.9348
30.2321
30.5452
30.8769
31.2225
31.5758
31.9383
32.3184
32.7182
33.1287
33.5418
33.9633
34.4058
34.8731
35.3575
35.852
36.3586
36.8829
37.4273
37.9909
38.5711
39.1611
39.7564
40.3721
41.0217
39.8706
39.2374
38.6311
38.0418
37.4681
36.913
36.3792
35.8537
35.3409
34.8461
34.3647
33.8946
33.4353
32.9932
32.5686
32.1527
31.7467
31.357
30.9831
30.6221
30.2716
29.9318
29.6077
29.3009
29.0055
28.717
28.4383
28.1739
27.9247
27.6887
27.4643
27.2502
27.0469
26.8568
26.6797
26.5126
26.3517
26.1986
26.0579
25.9338
25.8254
25.7299
25.6431
25.5629
25.489
25.4236
25.3708
25.333
25.3103
25.2997
25.2973
25.3017
25.3137
25.3361
25.3712
25.4191
25.4791
25.5497
25.6297
25.7187
25.8176
25.9274
26.0492
26.1839
26.3307
26.488
26.6551
26.8322
27.0204
27.221
27.4341
27.6593
27.8968
28.1478
28.4126
28.6888
28.9729
29.266
29.5737
29.9009
30.2448
30.5979
30.9589
31.3351
31.7322
32.1439
32.5595
32.9801
33.4179
33.88
34.36
34.8486
35.3451
35.8554
36.3842
36.9322
37.4982
38.079
38.6681
39.272
39.9099
38.8003
38.1861
37.5926
37.0138
36.4482
35.9019
35.37
34.8436
34.3329
33.838
33.3558
32.8854
32.4289
31.9932
31.5733
31.1623
30.7651
30.3851
30.0197
29.6661
29.3219
28.989
28.6728
28.3721
28.0802
27.7953
27.5213
27.2616
27.0156
26.7815
26.5582
26.3447
26.1431
25.9553
25.7805
25.614
25.4534
25.3007
25.1614
25.0381
24.9306
24.8352
24.749
24.6694
24.5964
24.5322
24.4802
24.4429
24.4198
24.4085
24.406
24.4106
24.4239
24.4474
24.4825
24.5299
24.5887
24.6582
24.738
24.8273
24.9263
25.036
25.1573
25.2908
25.4364
25.593
25.7591
25.9347
26.1214
26.3205
26.5322
26.7558
26.991
27.2382
27.4982
27.7697
28.0501
28.3389
28.6399
28.9586
29.2949
29.6423
29.9962
30.3619
30.7474
31.1517
31.5646
31.9823
32.4143
32.8712
33.3507
33.8421
34.3402
34.8491
35.3741
35.9162
36.474
37.0453
37.6249
38.2133
38.8278
37.7752
37.1643
36.5688
35.9876
35.4219
34.8791
34.3474
33.8271
33.3263
32.8406
32.3686
31.9081
31.464
31.04
30.6276
30.2241
29.8356
29.4624
29.1016
28.7507
28.408
28.0777
27.7643
27.4642
27.1717
26.8872
26.6151
26.3575
26.1126
25.8791
25.6558
25.4428
25.243
25.0577
24.8849
24.7193
24.5595
24.4083
24.271
24.1496
24.0429
23.9483
23.8627
23.7845
23.7129
23.6504
23.5997
23.5628
23.5395
23.5274
23.5245
23.5299
23.544
23.5685
23.6037
23.6498
23.7072
23.7754
23.8542
23.9432
24.042
24.1508
24.2707
24.4028
24.5468
24.7017
24.8664
25.0407
25.2256
25.4231
25.634
25.8573
26.0914
26.3367
26.5943
26.8641
27.144
27.4322
27.7316
28.0472
28.3803
28.7253
29.0763
29.4357
29.8118
30.207
30.6131
31.0231
31.4433
31.8854
32.352
32.8341
33.3245
33.8253
34.3434
34.8817
35.4389
36.012
36.5959
37.1856
37.7914
36.7348
36.1275
35.5393
34.9682
34.4191
33.8914
33.372
32.8675
32.3793
31.9028
31.4371
30.9812
30.5423
30.1204
29.7068
29.3039
28.9171
28.5448
28.1843
27.8331
27.4909
27.1633
26.8529
26.5541
26.2628
25.9814
25.7139
25.4605
25.2191
24.9884
24.7672
24.5571
24.3608
24.1795
24.0091
23.8454
23.6873
23.539
23.4043
23.2849
23.1791
23.0852
23.0005
22.9233
22.8536
22.7925
22.743
22.7066
22.6826
22.6698
22.6663
22.672
22.6873
22.7123
22.7472
22.7924
22.8479
22.9144
22.9922
23.0803
23.1783
23.2861
23.4044
23.534
23.6754
23.828
23.9902
24.1616
24.3438
24.5383
24.7462
24.9668
25.1982
25.4399
25.6928
25.9583
26.2355
26.5226
26.8201
27.1323
27.4625
27.807
28.1588
28.5171
28.8896
29.2822
29.6891
30.1006
30.518
30.9528
31.4108
31.8852
32.3669
32.8556
33.358
33.8793
34.4205
34.9803
35.5561
36.1427
36.7427
35.7388
35.148
34.5749
34.0163
33.4798
32.9568
32.4403
31.9396
31.4513
30.9738
30.5058
30.0494
29.6126
29.1905
28.7773
28.3788
27.9976
27.6306
27.2753
26.9288
26.5926
26.2724
25.9678
25.6727
25.3852
25.1089
24.847
24.5979
24.36
24.1316
23.9124
23.7046
23.5113
23.3324
23.1634
23.0003
22.8436
22.6971
22.5643
22.4456
22.3403
22.2462
22.1619
22.0854
22.0165
21.9568
21.908
21.8717
21.8471
21.8329
21.8289
21.8349
21.8509
21.8767
21.9115
21.9554
22.0095
22.0747
22.1514
22.2393
22.3371
22.4441
22.5611
22.6891
22.8286
22.979
23.1395
23.3093
23.4891
23.6811
23.8865
24.1047
24.3333
24.5712
24.8195
25.0799
25.3528
25.6362
25.9298
26.2366
26.56
26.8989
27.2467
27.6006
27.9668
28.3531
28.7577
29.1703
29.5878
30.02
30.4758
30.9512
31.4351
31.9239
32.423
32.9385
33.472
34.0214
34.5846
35.1581
35.7408
34.7946
34.2059
33.6315
33.0726
32.5364
32.0094
31.4946
30.9974
30.5128
30.0404
29.5779
29.1305
28.7029
28.2869
27.8811
27.4919
27.1188
26.7587
26.4088
26.0667
25.7357
25.4207
25.1189
24.8249
24.5389
24.2655
24.0062
23.7588
23.5222
23.2943
23.0758
22.869
22.6777
22.4999
22.3313
22.1681
22.0124
21.8675
21.736
21.6182
21.5127
21.4188
21.3344
21.2585
21.1907
21.132
21.0844
21.0479
21.0223
21.0073
21.0027
21.0091
21.0262
21.0524
21.0872
21.1303
21.183
21.247
21.3232
21.4107
21.5081
21.6149
21.7311
21.8577
21.9956
22.1447
22.3039
22.4724
22.6511
22.8417
23.0454
23.2619
23.4893
23.7257
23.9714
24.2285
24.4988
24.7808
25.0729
25.3762
25.6943
26.028
26.3722
26.7219
27.0809
27.4578
27.8548
28.2631
28.6758
29.0992
29.5445
30.0127
30.4938
30.9813
31.4784
31.9921
32.5255
33.0765
33.6416
34.2172
34.7991
33.8321
33.2442
32.6719
32.1223
31.5942
31.0758
30.5747
30.0893
29.6155
29.1523
28.6979
28.2598
27.8381
27.4247
27.023
26.6381
26.268
25.91
25.5611
25.22
24.8917
24.5789
24.2775
23.9831
23.6981
23.4271
23.1697
22.9244
22.6888
22.4622
22.2448
22.0405
21.8513
21.6754
21.5072
21.3452
21.191
21.0485
20.9189
20.8019
20.6969
20.603
20.5193
20.4441
20.3776
20.3206
20.2737
20.2374
20.211
20.1949
20.1903
20.1972
20.215
20.242
20.2766
20.3188
20.3705
20.4336
20.5089
20.5959
20.6931
20.7993
20.9146
21.0401
21.1764
21.3236
21.4812
21.6485
21.8257
22.0143
22.2161
22.4311
22.657
22.8915
23.1348
23.3893
23.6573
23.9381
24.2295
24.5313
24.8466
25.1773
25.5197
25.8685
26.2249
26.5971
26.9896
27.3957
27.806
28.2233
28.6587
29.1168
29.5898
30.069
30.5558
31.0576
31.5799
32.1226
32.6827
33.2569
33.8408
32.8902
32.3155
31.7563
31.2218
30.7023
30.1928
29.7007
29.2203
28.7504
28.2887
27.8361
27.401
26.9788
26.5646
26.1648
25.7825
25.4146
25.0587
24.7115
24.3736
24.0497
23.7409
23.4414
23.1485
22.8671
22.6
22.3462
22.1038
21.8708
21.6462
21.4314
21.2303
21.0442
20.8698
20.7027
20.5418
20.3901
20.2499
20.1222
20.0061
19.9015
19.8081
19.7246
19.6505
19.5851
19.5293
19.4835
19.447
19.4199
19.4032
19.3981
19.4055
19.4242
19.4515
19.4859
19.5277
19.5784
19.6404
19.7151
19.8015
19.8981
20.004
20.1187
20.2428
20.3774
20.523
20.6789
20.8445
21.02
21.2069
21.4065
21.619
21.8426
22.0751
22.3157
22.5666
22.8307
23.1089
23.3987
23.6982
24.0094
24.3353
24.6745
25.0219
25.3761
25.7438
26.1322
26.5374
26.9489
27.365
27.7957
28.2486
28.7186
29.1957
29.6782
30.1723
30.6842
31.2154
31.7634
32.3253
32.8985
31.9975
31.4274
30.8734
30.3426
29.8216
29.3144
28.8242
28.3449
27.8767
27.4162
26.9681
26.5378
26.1178
25.7074
25.3138
24.9372
24.5747
24.2235
23.8809
23.5485
23.2308
22.9265
22.6291
22.3392
22.0618
21.7984
21.5479
21.3079
21.0773
20.8546
20.6425
20.4442
20.2605
20.0872
19.9208
19.7614
19.6117
19.4739
19.3474
19.2322
19.128
19.0347
18.9517
18.878
18.8139
18.7594
18.7141
18.6777
18.6499
18.6323
18.6272
18.6349
18.654
18.6818
18.7161
18.7571
18.8071
18.8684
18.9421
19.0278
19.1242
19.2295
19.3434
19.4666
19.5998
19.7434
19.8974
20.0616
20.2359
20.4211
20.6185
20.8288
21.0504
21.2807
21.5188
21.7665
22.0274
22.3027
22.5902
22.8872
23.1944
23.5149
23.8493
24.1931
24.5436
24.9056
25.2873
25.6879
26.0974
26.5105
26.9349
27.381
27.8477
28.3244
28.8064
29.2983
29.8069
30.3351
30.8805
31.4391
32.0078
31.1022
30.5305
29.9805
29.4514
28.9329
28.4335
27.9499
27.478
27.0171
26.5637
26.125
25.7019
25.2863
24.8818
24.4948
24.1236
23.7653
23.4177
23.0785
22.7505
22.4376
22.1356
21.8394
21.5519
21.2773
21.017
20.7685
20.5309
20.3018
20.0812
19.8713
19.6761
19.4942
19.3219
19.1561
18.9981
18.8506
18.7144
18.5895
18.4749
18.3711
18.2781
18.1953
18.1224
18.0593
18.0058
17.9613
17.9246
17.8962
17.8783
17.8729
17.8811
17.9007
17.9285
17.9626
18.0034
18.0527
18.1131
18.1862
18.2712
18.3668
18.4716
18.5851
18.7073
18.8388
18.9806
19.1329
19.2954
19.4682
19.6518
19.8474
20.0553
20.2743
20.5026
20.7388
20.984
21.2417
21.5142
21.8001
22.0957
22.4003
22.7165
23.0466
23.3879
23.7365
24.0947
24.4703
24.8655
25.2719
25.6816
26.0991
26.5355
26.9936
27.4649
27.9423
28.4286
28.9309
29.4537
29.996
30.5536
31.1229
30.2128
29.6492
29.1112
28.5892
28.0804
27.5917
27.1157
26.6516
26.1963
25.7484
25.3163
24.8962
24.482
24.0811
23.6979
23.329
22.9728
22.6273
22.2904
21.9665
21.6573
21.3566
21.062
20.7768
20.5055
20.2476
20.0016
19.7659
19.5387
19.3199
19.113
18.9203
18.7404
18.5685
18.4035
18.2468
18.1013
17.967
17.8429
17.729
17.6255
17.5327
17.4503
17.3779
17.3159
17.2636
17.2194
17.1826
17.1538
17.1353
17.1302
17.1388
17.1586
17.1867
17.2209
17.2613
17.3102
17.3704
17.4426
17.527
17.6221
17.7267
17.8397
17.9611
18.0916
18.2318
18.3822
18.5431
18.7147
18.897
19.0905
19.2958
19.5125
19.7387
19.9726
20.2152
20.4698
20.7393
21.0229
21.3168
21.6188
21.9314
22.2578
22.597
22.9445
23.3008
23.6726
24.0643
24.4697
24.8788
25.2926
25.722
26.1734
26.6405
27.1143
27.5949
28.0887
28.6014
29.1343
29.6837
30.2463
29.3725
28.8183
28.2881
27.7691
27.2662
26.7816
26.3083
25.847
25.3926
24.948
24.5197
24.0997
23.6866
23.2895
22.9092
22.5426
22.1893
21.8459
21.5123
21.1933
20.8874
20.5888
20.2959
20.0138
19.7454
19.4899
19.246
19.012
18.7862
18.5694
18.365
18.175
17.9959
17.8246
17.6599
17.505
17.3612
17.2282
17.1051
16.9916
16.8886
16.7961
16.7139
16.6425
16.5814
16.53
16.4866
16.4497
16.4204
16.402
16.3969
16.4057
16.4261
16.4544
16.4885
16.5289
16.5778
16.6374
16.7091
16.793
16.8878
16.992
17.105
17.2263
17.3559
17.4947
17.6439
17.8037
17.9743
18.1555
18.3478
18.5515
18.7662
18.9903
19.2224
19.4631
19.715
19.9813
20.262
20.5539
20.8537
21.1627
21.4847
21.8203
22.1661
22.5204
22.8882
23.2754
23.6785
24.0871
24.4989
24.9237
25.3705
25.8356
26.3092
26.7885
27.2789
27.7863
28.313
28.8561
29.4112
28.5591
28.0083
27.4782
26.9584
26.4589
25.9759
25.5051
25.0464
24.5944
24.1556
23.7313
23.3127
22.9034
22.5111
22.1339
21.7705
21.42
21.0788
20.7491
20.4345
20.1316
19.8342
19.5431
19.2638
18.9979
18.7445
18.5022
18.2695
18.045
17.8304
17.6289
17.4408
17.2629
17.0918
16.9285
16.7753
16.6334
16.5019
16.3797
16.2673
16.1649
16.0728
15.9913
15.9205
15.8608
15.8107
15.7677
15.7308
15.7015
15.6828
15.6779
15.687
15.7074
15.7356
15.7699
15.8102
15.8587
15.9179
15.9889
16.0718
16.1658
16.2699
16.3827
16.5034
16.6322
16.7699
16.9176
17.0761
17.2458
17.4266
17.618
17.8201
18.0329
18.2556
18.4868
18.7262
18.976
19.2398
19.5187
19.8093
20.1078
20.4141
20.7322
21.0646
21.4086
21.7608
22.1243
22.5056
22.9043
23.3107
23.7194
24.1378
24.5771
25.0374
25.5093
25.9875
26.4756
26.9794
27.5025
28.0431
28.5962
27.7443
27.1983
26.6689
26.153
25.6598
25.1811
24.7157
24.2615
23.8146
23.3825
22.9616
22.5451
22.1401
21.7514
21.3768
21.016
20.6672
20.3282
20.0021
19.6915
19.3907
19.0944
18.8059
18.5296
18.2666
18.0151
17.7749
17.5438
17.3214
17.1094
16.9109
16.7253
16.5484
16.3786
16.2167
16.0657
15.9258
15.7958
15.6752
15.5637
15.4622
15.3707
15.2897
15.2201
15.1617
15.1124
15.07
15.0332
15.0036
14.9851
14.9804
14.9894
15.0096
15.0377
15.0716
15.1117
15.1601
15.2186
15.2885
15.3703
15.4634
15.5666
15.6787
15.7988
15.9266
16.0626
16.2082
16.3651
16.5336
16.7131
16.9029
17.1031
17.3137
17.5343
17.7637
18.0015
18.2495
18.511
18.7875
19.0766
19.3739
19.6785
19.994
20.3236
20.6661
21.0174
21.3785
21.7555
22.1502
22.5544
22.9604
23.373
23.804
24.2573
24.7246
25.1988
25.6812
26.1779
26.6934
27.2282
27.7779
26.9447
26.4066
25.8807
25.3724
24.8855
24.4108
23.9507
23.4998
23.0576
22.6305
22.2114
21.7968
21.3955
21.0099
20.6379
20.2794
19.9327
19.5964
19.2748
18.9684
18.6696
18.3757
18.0904
17.8179
17.5574
17.3085
17.0701
16.8412
16.6207
16.4115
16.216
16.0323
15.8568
15.6877
15.5276
15.3783
15.2401
15.1116
14.9918
14.8814
14.7805
14.6894
14.6092
14.5405
14.483
14.4347
14.3924
14.3554
14.3261
14.3077
14.303
14.3121
14.3321
14.3597
14.3935
14.4338
14.482
14.54
14.6092
14.6899
14.7818
14.8842
14.9958
15.1154
15.242
15.3765
15.5205
15.6755
15.8422
16.02
16.2082
16.4062
16.614
16.8316
17.0585
17.2942
17.5396
17.7976
18.0702
18.3562
18.6514
18.9535
19.2652
19.5909
19.9308
20.2811
20.6403
21.0135
21.4043
21.8067
22.2119
22.6215
23.0467
23.4944
23.9582
24.4295
24.9077
25.3978
25.905
26.4314
26.9737
26.1752
25.6421
25.1192
24.6174
24.1335
23.6621
23.2058
22.7575
22.32
21.8974
21.4802
21.0686
20.6718
20.2899
19.9206
19.5651
19.2207
18.8878
18.571
18.2677
17.9711
17.6791
17.3972
17.1271
16.8688
16.6213
16.3847
16.1565
15.9375
15.7304
15.5371
15.3548
15.1795
15.0112
14.852
14.7043
14.5674
14.4395
14.3207
14.2107
14.1102
14.0196
13.9397
13.8718
13.8154
13.7674
13.7253
13.6885
13.659
13.6408
13.6364
13.6453
13.6649
13.6926
13.7265
13.7669
13.8151
13.873
13.9414
14.0211
14.1124
14.2145
14.3259
14.4451
14.5714
14.7051
14.8477
15.0011
15.1665
15.3435
15.5306
15.7269
15.9324
16.1478
16.3726
16.6063
16.8492
17.1039
17.3727
17.6552
17.9473
18.2461
18.5535
18.8743
19.2103
19.5578
19.9138
20.2818
20.6669
21.0659
21.4697
21.8763
22.2961
22.7381
23.1993
23.6702
24.1473
24.6346
25.1368
25.6574
26.1948
25.4278
24.8968
24.3776
23.8812
23.3998
22.9329
22.4806
22.0355
21.604
21.1856
20.7699
20.3621
19.9698
19.5901
19.2231
18.8695
18.5264
18.1963
17.8824
17.5812
17.2849
16.9946
16.7143
16.4461
16.1886
15.9424
15.706
15.4783
15.2601
15.0551
14.8635
14.6818
14.5068
14.3389
14.1812
14.0349
13.8988
13.772
13.6536
13.5443
13.4442
13.3538
13.2746
13.2076
13.1517
13.1043
13.0625
13.0255
12.9962
12.9782
12.9736
12.9822
13.0017
13.0292
13.0631
13.1037
13.152
13.2093
13.2768
13.3558
13.4464
13.548
13.6593
13.7786
13.9044
14.0371
14.1784
14.3308
14.4955
14.672
14.8585
15.054
15.2583
15.4721
15.6955
15.928
16.1699
16.4229
16.6893
16.9691
17.2593
17.5563
17.8611
18.1784
18.5108
18.8556
19.209
19.5727
19.9521
20.3465
20.7473
21.1502
21.5637
21.9987
22.4554
22.9241
23.3993
23.8834
24.3812
24.8971
25.4315
24.6975
24.1685
23.6547
23.1632
22.6848
22.2225
21.7727
21.3308
20.9045
20.4876
20.0725
19.6679
19.2776
18.899
18.5331
18.1797
17.8374
17.509
17.1979
16.8973
16.6017
16.3126
16.0347
15.768
15.5121
15.2667
15.0312
14.8042
14.5879
14.3851
14.1954
14.0147
13.8403
13.6738
13.5178
13.3731
13.2385
13.1124
12.9951
12.8867
12.787
12.6972
12.6186
12.5522
12.4973
12.4504
12.4086
12.3718
12.3427
12.3246
12.3199
12.3282
12.3471
12.3741
12.408
12.4487
12.4966
12.5532
12.6199
12.6976
12.7872
12.8881
12.999
13.1176
13.2425
13.374
13.514
13.665
13.8284
14.0039
14.1898
14.3843
14.5871
14.7991
15.0211
15.253
15.4944
15.7461
16.0105
16.2886
16.5779
16.8746
17.1782
17.4933
17.8238
18.168
18.5213
18.8832
19.259
19.6502
20.0496
20.4511
20.8604
21.2894
21.7409
22.2064
22.6786
23.1583
23.6503
24.1594
24.6878
23.9806
23.4527
22.9439
22.4549
21.9782
21.5186
21.0695
20.6306
20.2077
19.7909
19.3771
18.9754
18.5872
18.21
17.8456
17.4937
17.1526
16.8279
16.5197
16.2209
15.9267
15.6408
15.366
15.1022
14.8484
14.6052
14.371
14.1458
13.9319
13.7319
13.5443
13.3648
13.1917
13.0268
12.8728
12.7298
12.5962
12.4715
12.3553
12.2475
12.1486
12.0591
11.981
11.9157
11.8614
11.8148
11.7732
11.7364
11.7073
11.6895
11.6848
11.6925
11.7107
11.7374
11.7712
11.8116
11.8595
11.9156
11.9813
12.0579
12.1464
12.2465
12.3564
12.4741
12.5982
12.7286
12.8671
13.0163
13.178
13.3522
13.5368
13.7298
13.9305
14.1404
14.3606
14.591
14.831
15.0809
15.3427
15.6181
15.9054
16.2009
16.5032
16.8162
17.1446
17.488
17.8413
18.2023
18.5755
18.9645
19.364
19.7662
20.174
20.599
21.0473
21.5117
21.9831
22.4604
22.948
23.4506
23.9721
23.2652
22.7383
22.2339
21.7458
21.2711
20.8142
20.367
19.9329
19.5142
19.0995
18.6893
18.293
17.9086
17.5346
17.174
16.8243
16.487
16.1667
15.8624
15.5655
15.2742
14.9918
14.7208
14.4595
14.2083
13.9669
13.7345
13.5108
13.2993
13.1019
12.9158
12.7375
12.5653
12.402
12.2497
12.1079
11.9755
11.8515
11.7361
11.6291
11.5304
11.4412
11.364
11.2993
11.2455
11.1992
11.1574
11.1206
11.092
11.0745
11.0697
11.0771
11.0949
11.1212
11.1549
11.1956
11.2436
11.2994
11.3644
11.4403
11.528
11.6273
11.7367
11.8541
11.9778
12.1073
12.2446
12.3925
12.5529
12.7257
12.909
13.1008
13.3002
13.5082
13.7263
13.9548
14.1932
14.4411
14.7001
14.972
15.256
15.5492
15.8494
16.1595
16.4843
16.8245
17.1756
17.5343
17.9036
18.2884
18.6857
19.0871
19.4927
19.9136
20.3582
20.8216
21.2932
21.7699
22.2549
22.7532
23.27
22.5521
22.03
21.5313
21.0459
20.5766
20.1246
19.6819
19.2551
18.8418
18.4303
18.0261
17.6357
17.2551
16.8853
16.5276
16.1808
15.8467
15.5305
15.2284
14.9332
14.6439
14.3647
14.096
13.837
13.5874
13.3475
13.1158
12.8934
12.6839
12.4882
12.3035
12.1255
11.9543
11.7924
11.6413
11.5007
11.3689
11.2456
11.131
11.0243
10.9258
10.8372
10.7605
10.6965
10.6433
10.597
10.5552
10.5188
10.4905
10.4733
10.4686
10.4757
10.4931
10.5192
10.5533
10.5946
10.6426
10.6983
10.763
10.8383
10.9254
11.0243
11.1337
11.2511
11.3744
11.5035
11.6402
11.7871
11.9463
12.1182
12.301
12.4923
12.691
12.8976
13.1141
13.3414
13.5787
13.8252
14.0819
14.3508
14.6323
14.9236
15.2222
15.5296
15.8505
16.187
16.5352
16.8907
17.2552
17.634
18.0263
18.4247
18.8267
19.2416
19.6796
20.1384
20.6074
21.0813
21.5626
22.056
22.5675
21.8632
21.3492
20.8567
20.3758
19.913
19.465
19.0271
18.6069
18.1964
17.7874
17.3879
17.0009
16.6228
16.2548
15.8989
15.5529
15.221
14.9071
14.6063
14.3113
14.0238
13.7466
13.4801
13.2224
12.9744
12.7352
12.5042
12.2831
12.0753
11.8815
11.6974
11.5202
11.35
11.1894
11.0399
10.9001
10.7691
10.6468
10.5327
10.4265
10.3284
10.2401
10.1642
10.1012
10.0483
10.0022
9.96075
9.92465
9.89681
9.88002
9.87531
9.88196
9.89907
9.92544
9.95988
10.0014
10.0497
10.1053
10.1694
10.244
10.3308
10.4296
10.5388
10.6558
10.7789
10.9076
11.0436
11.1895
11.3477
11.5188
11.7012
11.8921
12.0899
12.2955
12.5108
12.737
12.9734
13.219
13.4742
13.7413
14.021
14.3113
14.6091
14.915
15.2334
15.5674
15.9137
16.2673
16.6283
17.0023
17.3906
17.7866
18.1859
18.5955
19.0265
19.4793
19.9441
20.4138
20.8898
21.3765
21.8796
21.2093
20.7019
20.2126
19.7341
19.2744
18.8275
18.3925
17.975
17.5647
17.1564
16.7593
16.3739
15.9961
15.6295
15.2738
14.9283
14.5982
14.2864
13.9859
13.6917
13.4058
13.1314
12.8668
12.6112
12.3646
12.1268
11.8969
11.6773
11.4718
11.2795
11.0966
10.9201
10.7511
10.5925
10.4443
10.3056
10.1757
10.0541
9.94089
9.8353
9.73748
9.64992
9.57492
9.5125
9.46014
9.41435
9.37306
9.33737
9.31026
9.2938
9.2888
9.29513
9.31203
9.3383
9.37291
9.41484
9.46329
9.51845
9.58194
9.65612
9.74243
9.84075
9.94937
10.0659
10.1885
10.3166
10.4517
10.5966
10.7538
10.9239
11.1053
11.2952
11.4922
11.6965
11.9104
12.1351
12.3703
12.615
12.869
13.1342
13.412
13.7011
13.9985
14.3037
14.6206
14.9526
15.2977
15.6505
16.0099
16.3811
16.7673
17.1629
17.5618
17.9688
18.3954
18.8448
19.3077
19.7754
20.2478
20.7289
21.2243
20.5747
20.0705
19.5799
19.1011
18.6422
18.1945
17.7608
17.3452
16.9339
16.5265
16.1324
15.7483
15.3722
15.0071
14.6524
14.3082
13.9813
13.6717
13.3723
13.0793
12.7965
12.5249
12.263
12.0094
11.765
11.5285
11.2999
11.0824
10.8789
10.6884
10.5064
10.3307
10.1633
10.0061
9.85932
9.7218
9.59262
9.47208
9.35962
9.25429
9.15697
9.07008
8.99573
8.93403
8.88214
8.83632
8.79521
8.76017
8.73356
8.71726
8.71218
8.71811
8.7344
8.76045
8.79532
8.83747
8.88576
8.94055
9.00364
9.07723
9.16279
9.2604
9.36846
9.48448
9.60636
9.73372
9.86814
10.0122
10.1683
10.337
10.5171
10.7062
10.9022
11.1052
11.3173
11.5404
11.7745
12.0181
12.2707
12.5336
12.809
13.0965
13.3932
13.6977
14.0127
14.3421
14.6854
15.0373
15.3954
15.7641
16.1479
16.543
16.9424
17.3483
17.7721
18.2194
18.6823
19.1504
19.6218
20.1004
20.5915
19.941
19.4381
18.9454
18.4684
18.0106
17.563
17.1337
16.7204
16.3098
15.9062
15.516
15.1351
14.7616
14.3994
14.0464
13.7052
13.3815
13.0743
12.7757
12.485
12.2049
11.9363
11.6763
11.425
11.1822
10.9468
10.7195
10.5036
10.3021
10.1127
9.93118
9.75646
9.59017
9.43442
9.28887
9.15198
9.02371
8.904
8.79188
8.68699
8.59009
8.50364
8.43012
8.36904
8.31713
8.27128
8.2305
8.19587
8.16967
8.1537
8.14837
8.15356
8.16925
8.1952
8.2301
8.27217
8.32034
8.37488
8.43741
8.51023
8.59511
8.6921
8.79946
8.91468
9.03589
9.16287
9.29687
9.44013
9.59495
9.76234
9.94144
10.1297
10.3249
10.5268
10.7375
10.9592
11.1922
11.4348
11.686
11.9468
12.2199
12.5057
12.8015
13.105
13.4181
13.7446
14.0854
14.4355
14.7915
15.1566
15.5364
15.9292
16.3279
16.732
17.1519
17.5953
18.0566
18.5244
18.9951
19.4719
19.9599
19.31
18.8102
18.3197
17.8475
17.3924
16.9488
16.525
16.1149
15.7067
15.3076
14.9224
14.544
14.1737
13.8136
13.4628
13.1238
12.803
12.4969
12.1993
11.9099
11.6324
11.3656
11.1075
10.8578
10.6163
10.3818
10.1551
9.94086
9.74082
9.55217
9.37124
9.197
9.03202
8.87766
8.73289
8.59697
8.46949
8.3503
8.23876
8.13415
8.03749
7.95182
7.8791
7.81825
7.76644
7.72069
7.68007
7.64588
7.62026
7.60439
7.59853
7.60307
7.6184
7.64413
7.67888
7.72092
7.76897
7.82297
7.88479
7.95699
8.04134
8.13763
8.24409
8.35849
8.4791
8.60562
8.73899
8.88146
9.03524
9.20146
9.37933
9.56655
9.76091
9.96203
10.1716
10.3919
10.6235
10.8649
11.1149
11.3741
11.6451
11.9291
12.2238
12.5266
12.8382
13.1623
13.5002
13.848
14.2014
14.5627
14.938
15.3276
15.7245
16.126
16.5408
16.9783
17.4356
17.901
18.3693
18.8427
19.3259
18.6985
18.2036
17.7169
17.2503
16.7985
16.3588
15.9405
15.5319
15.1253
14.731
14.3485
13.972
13.6034
13.2453
12.8951
12.5582
12.2391
11.9339
11.6365
11.3487
11.073
10.8081
10.5516
10.3035
10.0632
9.82908
9.60364
9.39097
9.19235
9.00463
8.82383
8.65052
8.48699
8.3338
8.19021
8.0551
7.92828
7.80997
7.69897
7.59455
7.49842
7.41346
7.34121
7.28079
7.22916
7.18345
7.14308
7.10953
7.0843
7.0683
7.06206
7.06616
7.081
7.10646
7.14123
7.18326
7.23085
7.28425
7.3455
7.41725
7.50101
7.59651
7.7021
7.81566
7.9355
8.06125
8.194
8.3358
8.48862
8.6534
8.82967
9.01557
9.20894
9.40908
9.6173
9.83577
10.0655
10.3055
10.554
10.8114
11.08
11.3617
11.655
11.957
12.2673
12.5888
12.9237
13.269
13.6201
13.9783
14.3497
14.7363
15.1318
15.5314
15.9421
16.3742
16.8274
17.2904
17.7558
18.2253
18.7031
18.1114
17.6186
17.1354
16.6725
16.2215
15.7857
15.37
14.9612
14.5564
14.1653
13.7849
13.4092
13.043
12.6858
12.3368
12.0015
11.6846
11.3799
11.0833
10.797
10.5235
10.2605
10.0059
9.75968
9.52027
9.28725
9.06317
8.85229
8.65525
8.46788
8.28761
8.11533
7.95301
7.80125
7.65857
7.52403
7.39819
7.28064
7.16997
7.06595
6.97021
6.88563
6.81395
6.75395
6.70234
6.65662
6.61668
6.58359
6.55857
6.54254
6.536
6.53953
6.55388
6.57917
6.61391
6.65566
6.70283
6.75576
6.81665
6.88787
6.97093
7.06575
7.17057
7.28322
7.40216
7.52726
7.65962
7.80089
7.95266
8.11593
8.29061
8.47517
8.66748
8.86646
9.07306
9.28962
9.51747
9.75571
10.0025
10.2576
10.5235
10.8026
11.0942
11.3951
11.7037
12.0223
12.3537
12.6962
13.0452
13.4008
13.7687
14.1526
14.5472
14.9464
15.3545
15.7827
16.233
16.6949
17.1591
17.6259
18.1
17.5371
17.0447
16.5636
16.1022
15.6521
15.219
14.8053
14.3963
13.9938
13.6065
13.2276
12.8544
12.4905
12.135
11.7873
11.455
11.1401
10.8363
10.5405
10.2562
9.98511
9.72396
9.47143
9.22646
8.98821
8.7561
8.53337
8.32434
8.12809
7.94108
7.76123
7.58966
7.42865
7.27778
7.13548
7.00169
6.87662
6.75961
6.64933
6.54539
6.44965
6.36553
6.29442
6.2345
6.18274
6.13708
6.09729
6.06446
6.03979
6.02385
6.01684
6.01961
6.03347
6.05849
6.09289
6.13432
6.18123
6.23385
6.29418
6.3648
6.44734
6.54151
6.64546
6.75717
6.87537
7.0002
7.13242
7.27326
7.42416
7.58625
7.75969
7.94319
8.13466
8.33281
8.53842
8.75367
8.98002
9.2168
9.4621
9.7154
9.97907
10.2559
10.5458
10.8456
11.1526
11.4686
11.7968
12.1366
12.4837
12.8368
13.2013
13.5823
13.976
14.375
14.7813
15.2056
15.6529
16.1138
16.5775
17.043
17.5149
16.9687
16.4758
15.9976
15.5386
15.0896
14.6607
14.2489
13.841
13.4423
13.0587
12.6825
12.312
11.951
11.5969
11.2515
10.922
10.609
10.3055
10.0105
9.72833
9.45888
9.19945
8.94796
8.70424
8.46662
8.23505
8.01376
7.80573
7.61009
7.42321
7.24338
7.07267
6.91249
6.76196
6.62021
6.48702
6.36255
6.24605
6.13588
6.03167
5.93617
5.85265
5.78184
5.72186
5.66993
5.62401
5.58426
5.55191
5.52777
5.51169
5.50404
5.50621
5.51945
5.54384
5.57788
5.61908
5.66571
5.71781
5.77759
5.84772
5.92969
6.02303
6.12598
6.2368
6.35461
6.47923
6.61132
6.75187
6.90225
7.06352
7.23596
7.41864
7.60973
7.8078
8.01322
8.22781
8.45317
8.68902
8.9336
9.18613
9.44855
9.72388
10.0128
10.3121
10.6188
10.9334
11.2593
11.5969
11.9425
12.2939
12.6558
13.0339
13.4263
13.8247
14.2289
14.6488
15.0916
15.5502
16.0125
16.476
16.9453
16.4093
15.918
15.4446
14.9875
14.5415
14.1169
13.7074
13.3008
12.9061
12.5261
12.1521
11.7843
11.4251
11.0723
10.7287
10.4016
10.0894
9.78578
9.49173
9.21081
8.943
8.68437
8.43397
8.19115
7.95388
7.72317
7.50282
7.29587
7.10085
6.91388
6.73453
6.56462
6.40498
6.25519
6.11404
5.9815
5.85795
5.74192
5.63156
5.52747
5.43257
5.34963
5.27919
5.21931
5.16698
5.1208
5.08143
5.04982
5.02601
5.00981
5.00177
5.00326
5.01578
5.03969
5.0735
5.11445
5.16056
5.21211
5.27143
5.34114
5.42239
5.51478
5.61679
5.72683
5.84397
5.96813
6.10002
6.24047
6.39039
6.55077
6.72205
6.90389
7.09479
7.2931
7.49854
7.71252
7.93694
8.17203
8.41625
8.66845
8.93003
9.20423
9.49252
9.79213
10.0992
10.4135
10.7378
11.0738
11.4184
11.769
12.1292
12.5051
12.8961
13.294
13.6963
14.1121
14.5501
15.0056
15.4658
15.9266
16.3923
15.8657
15.3765
14.9074
14.4518
14.008
13.5876
13.1783
12.7728
12.3815
12.0041
11.6315
11.2655
10.9076
10.5556
10.2136
9.88849
9.57659
9.27316
8.97979
8.70088
8.43424
8.17679
7.92789
7.68605
7.44992
7.22014
7.0013
6.79601
6.60166
6.41524
6.23665
6.06754
5.90913
5.76032
5.62003
5.48867
5.36608
5.25041
5.14037
5.03684
4.94262
4.86048
4.79068
4.73073
4.67808
4.6321
4.59339
4.56247
4.53909
4.52299
4.5146
4.51548
4.52756
4.55134
4.58497
4.62555
4.67116
4.72233
4.78131
4.85051
4.93114
5.0228
5.12395
5.23297
5.34912
5.47265
5.60428
5.74449
5.89381
6.05297
6.22288
6.4036
6.59393
6.79192
6.99684
7.20978
7.43277
7.66648
7.90966
8.16083
8.42111
8.69374
8.98077
9.28003
9.58714
9.90057
10.223
10.5569
10.9004
11.2504
11.6093
11.9834
12.3733
12.7711
13.1725
13.5854
14.0198
14.473
14.932
15.3909
15.8538
15.3337
14.8466
14.38
13.9237
13.4825
13.0639
12.6541
12.2493
11.8616
11.4858
11.1145
10.7503
10.3942
10.0431
9.70364
9.38042
9.0697
8.76672
8.47537
8.19845
7.93357
7.67816
7.43102
7.19115
6.95631
6.72814
6.51163
6.3081
6.11497
5.92935
5.75149
5.58382
5.4268
5.27902
5.13996
5.00985
4.888
4.77301
4.66359
4.56059
4.46718
4.38602
4.31656
4.25653
4.20397
4.15845
4.12037
4.09018
4.06738
4.05135
4.0426
4.04317
4.0552
4.07897
4.11236
4.15263
4.19796
4.24884
4.30747
4.37637
4.45664
4.54783
4.64811
4.756
4.87114
4.9941
5.12539
5.26523
5.4138
5.57182
5.74028
5.91959
6.10875
6.30579
6.50969
6.72124
6.94233
7.17389
7.415
7.66427
7.92244
8.1927
8.47748
8.77498
9.08064
9.39205
9.71151
10.0423
10.3835
10.732
11.0892
11.461
11.8494
12.2472
12.6486
13.0594
13.4907
13.9424
14.4016
14.8603
15.3222
14.806
14.3205
13.855
13.3987
12.9598
12.5433
12.1323
11.7301
11.346
10.9727
10.6031
10.2422
9.88795
9.53946
9.20286
8.88262
8.57306
8.27172
7.98267
7.70797
7.44531
7.19178
6.94697
6.70869
6.47511
6.24908
6.03468
5.83293
5.6408
5.45553
5.2786
5.11226
4.95627
4.80949
4.67143
4.54207
4.42104
4.30673
4.1976
4.09511
4.00256
3.92199
3.85266
3.79266
3.7402
3.69492
3.6575
3.6281
3.60576
3.58968
3.5807
3.5812
3.59319
3.61681
3.65004
3.69012
3.73529
3.78594
3.8444
3.91325
3.99339
4.08404
4.1834
4.29036
4.40477
4.52728
4.65831
4.79789
4.94602
5.10325
5.27051
5.44841
5.63632
5.83252
6.03564
6.24604
6.46534
6.69471
6.93371
7.18104
7.43716
7.70495
7.98692
8.28198
8.58552
8.89447
9.21049
9.53731
9.87526
10.2214
10.5759
10.9445
11.3304
11.7274
12.128
12.536
12.963
13.4119
13.8706
14.3292
14.7901
14.2818
13.8002
13.3367
12.8817
12.4474
12.0326
11.6227
11.224
10.8446
10.4736
10.1073
9.74925
9.39777
9.05161
8.71853
8.40062
8.09231
7.79246
7.50511
7.23242
6.97105
6.71923
6.47587
6.23829
6.00578
5.78116
5.56843
5.36789
5.17577
4.99059
4.81433
4.64866
4.49337
4.34717
4.20943
4.0807
3.96038
3.84623
3.7372
3.63512
3.54309
3.4628
3.39363
3.33354
3.28087
3.23576
3.19904
3.17031
3.14829
3.1322
3.12312
3.12352
3.13527
3.15863
3.19175
3.23166
3.27658
3.32714
3.38573
3.45467
3.53461
3.62461
3.7232
3.82943
3.94334
4.06557
4.1966
4.33636
4.48452
4.64135
4.80771
4.98457
5.17179
5.36783
5.57093
5.78092
5.99917
6.22722
6.46496
6.71127
6.96617
7.23219
7.51215
7.80545
8.10765
8.41496
8.72828
9.05157
9.38626
9.72988
10.0818
10.447
10.8294
11.2241
11.6226
12.0265
12.4472
12.8903
13.3459
13.8021
14.2601
13.7734
13.2971
12.8367
12.3849
11.9556
11.5431
11.1344
10.7402
10.3642
9.99538
9.63127
9.27594
8.92582
8.58158
8.25092
7.93424
7.62641
7.32674
7.04067
6.7687
6.50797
6.25695
6.01378
5.77647
5.5442
5.32039
5.10891
4.90847
4.716
4.53076
4.35463
4.18941
4.03458
3.88834
3.75088
3.62284
3.50287
3.3887
3.27982
3.17803
3.08633
3.00654
2.9375
2.87703
2.82403
2.77922
2.74313
2.71499
2.69331
2.67742
2.66826
2.66838
2.67984
2.70303
2.73591
2.77551
2.82024
2.87097
2.92985
2.99883
3.07838
3.16775
3.26556
3.371
3.48436
3.60644
3.7378
3.87805
4.02647
4.18294
4.34854
4.52468
4.71172
4.90811
5.1118
5.32198
5.53995
5.76743
6.00476
6.25088
6.50542
6.77064
7.04957
7.34229
7.64443
7.95138
8.26319
8.58391
8.91604
9.25791
9.60812
9.97058
10.3496
10.7416
11.1377
11.5374
11.9516
12.3878
12.8384
13.2908
13.744
13.289
12.8185
12.3597
11.911
11.4858
11.074
10.6659
10.2748
9.90094
9.53261
9.16972
8.81548
8.46543
8.12216
7.79262
7.47652
7.16772
6.86802
6.58235
6.31054
6.05016
5.79908
5.55616
5.31874
5.0865
4.86375
4.65298
4.45255
4.25988
4.07446
3.89872
3.73417
3.57951
3.43351
3.29675
3.16938
3.04978
2.93589
2.82718
2.72577
2.63484
2.55571
2.48674
2.42589
2.37288
2.32839
2.29288
2.26541
2.24431
2.22864
2.2194
2.21927
2.23063
2.25358
2.28605
2.32529
2.37005
2.42098
2.48008
2.54893
2.62804
2.71665
2.81344
2.91787
3.03046
3.15234
3.28395
3.42452
3.57288
3.72874
3.89333
4.0685
4.25507
4.45162
4.65573
4.86611
5.08376
5.31061
5.54736
5.79313
6.04742
6.31213
6.59055
6.88308
7.18562
7.49278
7.8037
8.12241
8.45259
8.79336
9.14287
9.50388
9.88084
10.2712
10.6663
11.0639
11.4736
11.9048
12.3518
12.8015
13.2513
12.8245
12.3562
11.8974
11.45
11.027
10.6134
10.205
9.81565
9.44249
9.07342
8.71132
8.35707
8.00701
7.66409
7.336
7.01971
6.71026
6.41074
6.12554
5.85452
5.59429
5.34386
5.10164
4.86443
4.6332
4.41174
4.20202
4.00231
3.80963
3.62454
3.44981
3.28604
3.13194
2.98686
2.85101
2.72443
2.60562
2.49219
2.38382
2.2832
2.19336
2.11486
2.04595
1.98503
1.93207
1.88791
1.85307
1.82645
1.80589
1.79036
1.78112
1.78099
1.79224
1.81484
1.84684
1.88582
1.9306
1.98165
2.04075
2.10945
2.18806
2.27572
2.37123
2.47432
2.58594
2.70734
2.83876
2.97908
3.12682
3.28162
3.44473
3.61829
3.80349
3.99927
4.20303
4.413
4.62966
4.85491
5.09003
5.33456
5.588
5.85188
6.12925
6.42097
6.72318
7.03016
7.33998
7.65662
7.98469
8.32446
8.67386
9.03458
9.41106
9.80188
10.1983
10.5964
11.0046
11.4336
11.8801
12.3305
12.78
12.3641
11.8962
11.4348
10.9885
10.5652
10.1494
9.74044
9.35329
8.97988
8.61108
8.2499
7.89686
7.54713
7.20623
6.88012
6.56457
6.2557
5.95702
5.67358
5.40369
5.14468
4.89585
4.65461
4.41875
4.18912
3.96942
3.76155
3.5627
3.37039
3.1863
3.01273
2.84993
2.69685
2.55267
2.41778
2.29233
2.17434
2.06122
1.95338
1.8538
1.76493
1.68689
1.61813
1.55716
1.50408
1.4603
1.42617
1.40027
1.38006
1.36459
1.35547
1.35535
1.36639
1.38859
1.42019
1.45898
1.5036
1.55467
1.61376
1.68232
1.76031
1.84686
1.94098
2.04278
2.15344
2.27409
2.40483
2.54452
2.69149
2.84503
3.00638
3.17781
3.36097
3.55526
3.75806
3.96705
4.18211
4.40506
4.63772
4.88035
5.13238
5.39483
5.67042
5.96029
6.26112
6.56695
6.87503
7.18895
7.51414
7.85218
8.20118
8.5618
8.9384
9.33056
9.72955
10.1294
10.5374
10.9655
11.413
11.8661
12.3178
11.8965
11.4282
10.9656
10.5206
10.098
9.68034
9.2736
8.88927
8.51745
8.15007
7.79205
7.44135
7.09396
6.7566
6.43351
6.12004
5.81244
5.51598
5.23464
4.96643
4.70942
4.4621
4.22238
3.988
3.76005
3.54261
3.33638
3.13813
2.94645
2.76324
2.59066
2.42891
2.27646
2.13285
1.9989
1.87439
1.7568
1.64401
1.5367
1.43781
1.34957
1.27191
1.20314
1.14183
1.08855
1.04506
1.01151
0.985976
0.965964
0.950617
0.941524
0.94129
0.95202
0.973933
1.00525
1.04378
1.08825
1.13936
1.19859
1.267
1.3444
1.42994
1.52296
1.62376
1.73352
1.85348
1.98367
2.12294
2.26934
2.42201
2.58181
2.7513
2.93259
3.12552
3.32743
3.5355
3.74907
3.96999
4.20055
4.4414
4.6921
4.95309
5.22663
5.51418
5.813
6.11706
6.42292
6.73343
7.05484
7.38996
7.73733
8.09686
8.47232
8.86432
9.26441
9.6648
10.0708
10.4958
10.9423
11.397
11.8503
11.4251
10.9584
10.4971
10.0564
9.63567
9.21908
8.81653
8.43681
8.06747
7.70324
7.34947
7.00179
6.65803
6.3245
6.00512
5.69357
5.3878
5.09357
4.81395
4.54759
4.29203
4.04598
3.80737
3.57388
3.34761
3.13191
2.9265
2.72865
2.53736
2.3546
2.18285
2.02168
1.86931
1.72598
1.59283
1.46879
1.35135
1.23872
1.13165
1.03313
0.945439
0.868093
0.798991
0.737091
0.683569
0.64027
0.6071
0.581802
0.562023
0.546823
0.537599
0.537261
0.547797
0.569512
0.600519
0.638741
0.683246
0.734666
0.794226
0.862574
0.939527
1.02439
1.11668
1.21678
1.326
1.44559
1.57577
1.71512
1.86152
2.01368
2.17251
2.34073
2.52085
2.71299
2.91453
3.12224
3.33517
3.55497
3.78432
4.02418
4.27402
4.53393
4.80584
5.09136
5.38826
5.69055
5.99406
6.3011
6.61832
6.94975
7.29451
7.65155
8.02407
8.41325
8.81155
9.20983
9.61123
10.0296
10.4709
10.9236
11.3759
10.9672
10.5041
10.0462
9.61143
9.19312
8.77879
8.38101
8.00571
7.63847
7.27765
6.92701
6.58226
6.2411
5.91127
5.59441
5.28395
4.97954
4.68652
4.40833
4.14287
3.88797
3.64274
3.40437
3.1715
2.94654
2.7318
2.52675
2.32909
2.13784
1.95559
1.78447
1.62335
1.4709
1.32796
1.19535
1.07169
0.954393
0.8418
0.734808
0.636811
0.549846
0.472672
0.40313
0.340756
0.287077
0.243835
0.210936
0.186027
0.166564
0.151478
0.142272
0.14193
0.152467
0.173951
0.204621
0.242695
0.287468
0.339337
0.399282
0.46767
0.544413
0.628783
0.720475
0.820033
0.928888
1.04851
1.17903
1.31875
1.4653
1.61723
1.77543
1.9428
2.12212
2.31381
2.51528
2.72318
2.936
3.15543
3.38416
3.6235
3.87293
4.13219
4.40296
4.68694
4.98238
5.28331
5.58498
5.88911
6.20261
6.53062
6.87282
7.22741
7.5966
7.98202
8.37736
8.77279
9.1693
9.58023
10.0144
10.463
10.9128
10.5367
10.0756
9.62172
9.1912
8.7744
8.36076
7.96692
7.59355
7.22754
6.86809
6.51935
6.17553
5.83601
5.50861
5.19255
4.8823
4.57788
4.28566
4.00811
3.74261
3.4881
3.24308
3.00474
2.7725
2.54834
2.33434
2.12983
1.93216
1.74127
1.55982
1.38912
1.22812
1.07604
0.933662
0.801713
0.67872
0.561658
0.449031
0.342564
0.245582
0.159498
0.0826529
0.0128613
-0.0497933
-0.103623
-0.146756
-0.179191
-0.20356
-0.222702
-0.237566
-0.246556
-0.246637
-0.236115
-0.214986
-0.184649
-0.146691
-0.101648
-0.0493645
0.0109157
0.0794184
0.155859
0.239597
0.330462
0.429251
0.537759
0.657383
0.788083
0.92793
1.07438
1.22586
1.38326
1.54953
1.72777
1.91873
2.12005
2.32805
2.54097
2.76005
2.98818
3.22699
3.47613
3.73509
4.00514
4.28806
4.58255
4.88289
5.18372
5.48621
5.79729
6.1232
6.46422
6.81797
7.18552
7.56892
7.96298
8.35749
8.75156
9.15769
9.5867
10.0322
10.4803
10.1299
9.66881
9.2164
8.78846
8.36992
7.95576
7.56319
7.19034
6.8234
6.46405
6.11558
5.77134
5.43296
5.10655
4.79069
4.47949
4.1748
3.88331
3.60567
3.34014
3.08592
2.84113
2.6033
2.37163
2.14836
1.93569
1.73188
1.53456
1.34466
1.16418
0.99405
0.833694
0.682415
0.540918
0.410054
0.28793
0.171109
0.0587618
-0.0466809
-0.142285
-0.227345
-0.303709
-0.373424
-0.436339
-0.490247
-0.533082
-0.564974
-0.588836
-0.607706
-0.622234
-0.630798
-0.630603
-0.620142
-0.599452
-0.56951
-0.531727
-0.486627
-0.434103
-0.373594
-0.305142
-0.229174
-0.146411
-0.0566944
0.0411888
0.149099
0.268392
0.398801
0.538253
0.684175
0.834822
0.991008
1.15568
1.33224
1.52192
1.72271
1.93067
2.1434
2.3619
2.58908
2.82722
3.07617
3.33512
3.60482
3.88702
4.18098
4.48143
4.7826
5.08475
5.39484
5.72003
6.06141
6.41619
6.78447
7.16834
7.56354
7.9597
8.35412
8.75839
9.18487
9.62943
10.0775
9.7319
9.26837
8.81633
8.38855
7.96672
7.55084
7.15886
6.78542
6.41678
6.05752
5.70868
5.36467
5.02719
4.7021
4.38638
4.07447
3.77044
3.4796
3.20233
2.93734
2.68372
2.44001
2.20305
1.97212
1.75046
1.53949
1.33669
1.14041
0.951656
0.772214
0.603112
0.44369
0.29334
0.153067
0.0234008
-0.0980639
-0.214621
-0.326376
-0.430561
-0.524757
-0.608785
-0.684535
-0.75428
-0.817505
-0.871368
-0.913772
-0.945225
-0.968817
-0.987457
-1.00157
-1.00965
-1.00931
-0.998923
-0.978586
-0.949039
-0.911616
-0.866635
-0.813904
-0.753239
-0.68486
-0.609616
-0.527861
-0.439293
-0.342311
-0.235091
-0.116337
0.0134872
0.15238
0.297615
0.447359
0.60217
0.765
0.939658
1.12784
1.32782
1.53555
1.74798
1.96566
2.19173
2.42895
2.67756
2.93646
3.20572
3.48701
3.78018
4.08061
4.38229
4.6845
4.99391
5.31845
5.66024
6.01637
6.386
6.77103
7.16811
7.56663
7.96223
8.36543
8.79024
9.23485
9.68419
9.3289
8.86187
8.41086
7.98231
7.55745
7.14063
6.75055
6.37631
6.00739
5.64906
5.30161
4.9589
4.62352
4.30091
3.98608
3.67518
3.37256
3.08309
2.80716
2.54325
2.29116
2.04897
1.81285
1.58325
1.36361
1.1544
0.953039
0.757841
0.569971
0.391768
0.223829
0.0650795
-0.0843777
-0.223422
-0.35229
-0.473466
-0.589683
-0.70081
-0.803994
-0.896981
-0.979984
-1.05546
-1.12541
-1.18897
-1.2427
-1.28475
-1.31605
-1.33942
-1.3578
-1.37159
-1.37929
-1.37873
-1.3683
-1.34815
-1.31909
-1.28198
-1.23704
-1.18399
-1.12305
-1.05474
-0.980004
-0.899039
-0.811184
-0.714781
-0.608106
-0.489802
-0.3604
-0.221818
-0.0770463
0.0720392
0.225744
0.387011
0.559995
0.746795
0.945939
1.15327
1.36527
1.58209
1.80692
2.04295
2.29072
2.5489
2.817
3.09651
3.38771
3.68683
3.98782
4.2891
4.59675
4.9192
5.25969
5.61546
5.98471
6.36931
6.7666
7.16623
7.56195
7.96307
8.38527
8.82981
9.28152
8.91818
8.45047
8.00177
7.57414
7.14741
6.73313
6.34584
5.97235
5.60458
5.2491
4.9047
4.56416
4.23231
3.91277
3.60019
3.29128
2.99039
2.703
2.42884
2.16659
1.91637
1.67518
1.43996
1.21193
0.994038
0.786514
0.586443
0.391861
0.204708
0.0276727
-0.139503
-0.29782
-0.446585
-0.584862
-0.713388
-0.83446
-0.950455
-1.06126
-1.16371
-1.25553
-1.33786
-1.41337
-1.48368
-1.54744
-1.60118
-1.64303
-1.67424
-1.69749
-1.71561
-1.72915
-1.73642
-1.73551
-1.72494
-1.70493
-1.67626
-1.63935
-1.59426
-1.54071
-1.47939
-1.411
-1.3365
-1.25585
-1.1684
-1.0723
-0.965802
-0.847657
-0.718362
-0.579872
-0.43529
-0.286619
-0.133716
0.0265214
0.198236
0.383811
0.582129
0.788905
1.00045
1.21646
1.44002
1.67453
1.92086
2.17755
2.44377
2.72059
3.00889
3.30553
3.60462
3.90388
4.20874
4.52787
4.86547
5.21911
5.58624
5.96821
6.36354
6.76248
7.15703
7.55485
7.97288
8.41611
8.87015
8.51297
8.04742
7.60371
7.17782
6.752
6.34231
5.95852
5.58637
5.22045
4.86913
4.52748
4.1896
3.86096
3.54448
3.23447
2.92698
2.62781
2.34219
2.06952
1.80914
1.55991
1.31906
1.08458
0.857626
0.641101
0.434919
0.235452
0.0410654
-0.145422
-0.321687
-0.488519
-0.64663
-0.795108
-0.933103
-1.06153
-1.18266
-1.29871
-1.40933
-1.51113
-1.60198
-1.68383
-1.75955
-1.83021
-1.89416
-1.94799
-1.98978
-2.02089
-2.04405
-2.06199
-2.07529
-2.08211
-2.08068
-2.06999
-2.05021
-2.02201
-1.98516
-1.93978
-1.88576
-1.82399
-1.75545
-1.68101
-1.60068
-1.5135
-1.41763
-1.31114
-1.19296
-1.06352
-0.925059
-0.780605
-0.632231
-0.479821
-0.320295
-0.149606
0.0349705
0.232532
0.438898
0.650172
0.865696
1.08824
1.32141
1.56632
1.82162
2.08608
2.36068
2.64644
2.94086
3.23836
3.53604
3.83865
4.15493
4.48984
4.84134
5.20615
5.58501
5.97743
6.37451
6.7672
7.16113
7.57372
8.01327
8.46719
8.12877
7.667
7.22905
6.80481
6.38149
5.97606
5.59542
5.22357
4.86
4.51171
4.17187
3.83568
3.50921
3.19535
2.88648
2.57966
2.28154
1.99673
1.72538
1.46602
1.21686
0.975836
0.741462
0.515133
0.299661
0.094043
-0.105461
-0.299675
-0.485772
-0.661728
-0.828352
-0.986418
-1.135
-1.27289
-1.40119
-1.52257
-1.639
-1.74936
-1.85042
-1.94049
-2.02196
-2.09781
-2.16874
-2.23292
-2.28697
-2.32878
-2.35979
-2.38297
-2.40081
-2.41372
-2.41999
-2.41812
-2.40757
-2.38818
-2.36049
-2.32379
-2.27812
-2.22367
-2.16146
-2.09281
-2.01853
-1.9387
-1.85194
-1.75638
-1.64981
-1.53137
-1.40172
-1.26328
-1.11896
-0.970837
-0.818753
-0.659677
-0.489642
-0.305643
-0.108435
0.0981173
0.309778
0.525437
0.747672
0.980154
1.22443
1.47923
1.74318
2.01688
2.30161
2.59535
2.89265
3.19026
3.49206
3.80695
4.14048
4.49081
4.85405
5.23033
5.61969
6.01445
6.40501
6.79492
7.20136
7.63504
8.08565
7.76945
7.31175
6.87753
6.45451
6.03233
5.63025
5.25078
4.87858
4.51641
4.1695
3.83042
3.49459
3.16982
2.85736
2.54853
2.24188
1.94395
1.65976
1.38932
1.13022
0.880787
0.63931
0.40464
0.179035
-0.0356373
-0.241217
-0.440849
-0.634809
-0.820598
-0.996312
-1.16257
-1.3207
-1.46947
-1.60715
-1.73525
-1.85703
-1.97372
-2.08365
-2.18392
-2.27324
-2.35413
-2.42992
-2.5011
-2.56553
-2.61975
-2.66152
-2.69248
-2.71576
-2.7334
-2.7458
-2.75151
-2.74936
-2.73911
-2.72029
-2.69307
-2.65665
-2.61079
-2.55596
-2.4933
-2.4246
-2.35066
-2.27153
-2.18538
-2.09004
-1.98329
-1.8646
-1.73472
-1.59632
-1.45205
-1.30407
-1.15212
-0.993364
-0.823704
-0.639936
-0.442507
-0.235281
-0.0227014
0.193466
0.415723
0.648061
0.892281
1.1474
1.4117
1.6855
1.97007
2.26397
2.56205
2.86036
3.16222
3.47627
3.80881
4.15843
4.52061
4.89468
5.28119
5.67365
6.06224
6.44887
6.84985
7.27765
7.72447
7.42771
6.97188
6.53964
6.11581
5.69311
5.29275
4.9127
4.53959
4.1773
3.83096
3.49145
3.15579
2.83256
2.52055
2.21158
1.90495
1.60742
1.32428
1.05454
0.795784
0.546526
0.304569
0.0700475
-0.154433
-0.368218
-0.573579
-0.772905
-0.966307
-1.1514
-1.3264
-1.49219
-1.65016
-1.7986
-1.93574
-2.0635
-2.18547
-2.30216
-2.41147
-2.51069
-2.59907
-2.6791
-2.7546
-2.82596
-2.89044
-2.94457
-2.98629
-3.01719
-3.04049
-3.05778
-3.06956
-3.07485
-3.07249
-3.06253
-3.04432
-3.01752
-2.98143
-2.93537
-2.88025
-2.81727
-2.74872
-2.67533
-2.597
-2.51148
-2.4164
-2.30956
-2.19074
-2.06094
-1.92279
-1.77881
-1.63115
-1.47949
-1.32126
-1.15213
-0.968769
-0.771442
-0.563792
-0.35085
-0.134635
0.0871535
0.318693
0.562434
0.817491
1.08182
1.35523
1.63912
1.93275
2.23119
2.53009
2.83172
3.14477
3.47606
3.82493
4.1866
4.5595
4.94452
5.33607
5.72427
6.10969
6.50763
6.93236
7.37832
7.09089
6.63518
6.20398
5.7771
5.35317
4.95297
4.57207
4.19713
3.83437
3.48809
3.14779
2.81312
2.49129
2.17983
1.87116
1.56493
1.26888
0.98728
0.718524
0.460947
0.212217
-0.0296772
-0.263221
-0.486137
-0.698627
-0.903102
-1.10174
-1.29414
-1.47791
-1.65173
-1.81694
-1.9742
-2.12174
-2.25806
-2.38535
-2.50707
-2.6235
-2.73197
-2.82991
-2.917
-2.99605
-3.07107
-3.14249
-3.20676
-3.26052
-3.3021
-3.33284
-3.35599
-3.37291
-3.38415
-3.38914
-3.3867
-3.37685
-3.3592
-3.33287
-3.29715
-3.25104
-3.19576
-3.13279
-3.06465
-2.99217
-2.91469
-2.82991
-2.7352
-2.6287
-2.51023
-2.38112
-2.24371
-2.10057
-1.95375
-1.80297
-1.64574
-1.47766
-1.29556
-1.09921
-0.892338
-0.680161
-0.465033
-0.244711
-0.0149544
0.227247
0.48128
0.74467
1.0168
1.29911
1.59147
1.88968
2.18886
2.49043
2.80244
3.13262
3.48131
3.84348
4.21701
4.60244
4.99525
5.38539
5.77163
6.16886
6.59326
7.04119
6.74923
6.29489
5.86393
5.43398
5.00883
4.60943
4.22796
3.85145
3.48911
3.14275
2.80273
2.46979
2.14978
1.83964
1.53152
1.22671
0.933097
0.653281
0.386154
0.130082
-0.118035
-0.359254
-0.591517
-0.812828
-1.02365
-1.22707
-1.42505
-1.61619
-1.79831
-1.97105
-2.13563
-2.29187
-2.43833
-2.57392
-2.70071
-2.82204
-2.93821
-3.04582
-3.14228
-3.228
-3.30623
-3.38089
-3.45221
-3.51617
-3.56946
-3.61088
-3.64144
-3.6643
-3.68113
-3.69195
-3.69678
-3.69432
-3.68465
-3.66751
-3.64175
-3.60643
-3.56046
-3.50517
-3.44258
-3.37511
-3.30364
-3.22708
-3.14314
-3.04898
-2.94318
-2.82547
-2.69745
-2.56118
-2.41931
-2.27362
-2.1239
-1.96778
-1.80111
-1.62073
-1.42601
-1.22071
-1.00989
-0.796159
-0.577733
-0.350014
-0.109559
0.143145
0.405303
0.675879
0.956278
1.24717
1.54491
1.84442
2.14604
2.45734
2.78656
3.13516
3.49841
3.87283
4.25911
4.65337
5.04552
5.43255
5.82883
6.25245
6.70204
6.40348
5.95275
5.52269
5.09105
4.66629
4.26956
3.88805
3.51175
3.15079
2.80529
2.46671
2.1359
1.8187
1.51024
1.20303
0.900452
0.609365
0.331594
0.0662551
-0.188811
-0.436363
-0.676823
-0.908235
-1.12818
-1.33756
-1.54047
-1.73805
-1.92815
-2.10898
-2.28114
-2.44529
-2.60082
-2.74656
-2.88169
-3.00827
-3.12951
-3.24568
-3.35259
-3.44767
-3.53226
-3.61013
-3.68463
-3.75588
-3.81971
-3.87254
-3.91378
-3.94423
-3.96694
-3.98389
-3.99465
-3.99924
-3.99687
-3.98737
-3.97079
-3.94552
-3.91052
-3.86474
-3.80955
-3.74742
-3.68048
-3.6099
-3.53399
-3.45078
-3.3571
-3.25187
-3.13477
-3.00766
-2.8723
-2.73146
-2.58638
-2.43715
-2.28162
-2.11589
-1.93678
-1.74361
-1.53959
-1.32979
-1.11682
-0.899499
-0.673222
-0.434123
-0.182497
0.0787697
0.348268
0.627168
0.916427
1.21323
1.51269
1.81417
2.12431
2.45187
2.79917
3.16159
3.53549
3.92067
4.31405
4.70576
5.09187
5.48511
5.90522
6.35445
6.06527
5.61943
5.19167
4.75944
4.33752
3.94399
3.56321
3.18854
2.82948
2.48571
2.1485
1.82027
1.50615
1.19912
0.893102
0.592574
0.303751
0.0281151
-0.235946
-0.490681
-0.737845
-0.978025
-1.20909
-1.42801
-1.63672
-1.83966
-2.03721
-2.22673
-2.40691
-2.57889
-2.743
-2.89835
-3.04375
-3.17881
-3.30558
-3.42722
-3.54351
-3.64989
-3.74385
-3.8278
-3.90558
-3.98018
-4.05142
-4.11529
-4.16779
-4.20866
-4.23915
-4.26187
-4.27901
-4.28984
-4.29413
-4.29174
-4.28241
-4.26633
-4.24144
-4.20649
-4.1608
-4.10548
-4.04355
-3.97686
-3.90673
-3.83125
-3.74837
-3.65485
-3.54973
-3.43278
-3.30594
-3.1709
-3.03029
-2.88507
-2.73575
-2.57999
-2.41444
-2.23611
-2.04389
-1.84073
-1.63118
-1.41849
-1.20154
-0.975876
-0.737723
-0.487053
-0.226507
0.0420203
0.319242
0.606562
0.902039
1.20053
1.501
1.80947
2.13449
2.47936
2.83996
3.2115
3.59388
3.98497
4.3754
4.75965
5.1494
5.56519
6.01299
5.74749
5.30714
4.88152
4.44954
4.03108
3.63988
3.26027
2.88679
2.52971
2.18706
1.85049
1.52468
1.21275
0.906662
0.601405
0.302107
0.0152159
-0.258736
-0.522333
-0.777193
-1.02451
-1.26494
-1.49579
-1.71422
-1.92301
-2.12617
-2.32393
-2.51335
-2.69322
-2.86507
-3.0294
-3.18499
-3.33012
-3.46525
-3.59253
-3.71477
-3.8311
-3.93704
-4.03012
-4.11358
-4.19138
-4.26613
-4.33744
-4.40122
-4.45334
-4.49376
-4.52437
-4.54726
-4.56451
-4.57526
-4.5792
-4.57672
-4.56756
-4.55178
-4.52726
-4.49218
-4.44639
-4.39074
-4.3287
-4.26201
-4.19209
-4.11699
-4.0343
-3.94085
-3.83549
-3.71834
-3.59135
-3.45631
-3.31556
-3.17002
-3.02024
-2.86392
-2.69853
-2.52079
-2.32936
-2.12695
-1.91747
-1.70472
-1.48799
-1.26275
-1.02536
-0.775475
-0.51561
-0.247977
0.0279853
0.313882
0.607954
0.906084
1.20608
1.51346
1.83688
2.18017
2.53946
2.90998
3.29089
3.6804
4.07025
4.45386
4.84133
5.25392
5.69954
5.45428
5.01896
4.5942
4.16269
3.74644
3.35677
2.97737
2.60431
2.24856
1.90567
1.5691
1.24473
0.933988
0.628113
0.322629
0.0238538
-0.261599
-0.534652
-0.798396
-1.05393
-1.30205
-1.54302
-1.77372
-1.99229
-2.20157
-2.40506
-2.60322
-2.79272
-2.9723
-3.14396
-3.3087
-3.4645
-3.60931
-3.74447
-3.87241
-3.9951
-4.11127
-4.21675
-4.30917
-4.39205
-4.46987
-4.54472
-4.61597
-4.67946
-4.7311
-4.77114
-4.80191
-4.82511
-4.84228
-4.85289
-4.8565
-4.85399
-4.84501
-4.82954
-4.80548
-4.77044
-4.7245
-4.66846
-4.60611
-4.5395
-4.4699
-4.39545
-4.31309
-4.21986
-4.11428
-3.997
-3.86984
-3.73488
-3.59404
-3.44824
-3.29791
-3.14123
-2.97621
-2.79895
-2.60854
-2.40651
-2.19704
-1.98382
-1.76667
-1.54145
-1.30433
-1.05455
-0.794463
-0.526686
-0.25089
0.0345293
0.329119
0.627889
0.928969
1.23685
1.56025
1.90366
2.26383
2.63464
3.01523
3.40457
3.7943
4.17782
4.56334
4.97189
5.4137
5.17927
4.74709
4.32217
3.89008
3.47467
3.08592
2.70549
2.33235
1.97684
1.63305
1.29623
0.972493
0.662383
0.35622
0.0499981
-0.248329
-0.53279
-0.805324
-1.06938
-1.32592
-1.57521
-1.81652
-2.04714
-2.26622
-2.47599
-2.67988
-2.87846
-3.06791
-3.24714
-3.41853
-3.58362
-3.7394
-3.8838
-4.01891
-4.14743
-4.27043
-4.38635
-4.49139
-4.58327
-4.66542
-4.74322
-4.81819
-4.88919
-4.95217
-5.00332
-5.04316
-5.0742
-5.09771
-5.11484
-5.12532
-5.12865
-5.12621
-5.1176
-5.10245
-5.07901
-5.04419
-4.99815
-4.9418
-4.87913
-4.81276
-4.74361
-4.67008
-4.58824
-4.4954
-4.38966
-4.27239
-4.14503
-4.0102
-3.86905
-3.72292
-3.57198
-3.41521
-3.25034
-3.07352
-2.88388
-2.68185
-2.4719
-2.25797
-2.03965
-1.81368
-1.57611
-1.32562
-1.0647
-0.796322
-0.520391
-0.234332
0.0610674
0.361555
0.663851
0.972455
1.29607
1.63975
1.99996
2.37131
2.75154
3.13973
3.52912
3.91166
4.29523
4.6998
5.1378
4.91071
4.47985
4.05378
3.61926
3.20446
2.81566
2.43337
2.05961
1.70369
1.35926
1.02201
0.69882
0.389506
0.0829316
-0.223354
-0.520782
-0.804065
-1.07569
-1.33969
-1.59705
-1.84704
-2.08807
-2.31828
-2.53747
-2.7474
-2.95155
-3.14998
-3.33891
-3.51752
-3.68849
-3.85348
-4.00885
-4.15275
-4.28742
-4.41627
-4.53938
-4.65507
-4.75957
-4.85089
-4.9323
-5.01
-5.08501
-5.15549
-5.21787
-5.2686
-5.30829
-5.33961
-5.36339
-5.38048
-5.39092
-5.394
-5.39158
-5.38348
-5.3687
-5.34584
-5.31129
-5.2651
-5.20851
-5.1455
-5.0795
-5.01091
-4.93828
-4.85699
-4.76459
-4.65878
-4.54155
-4.41403
-4.27915
-4.13762
-3.99122
-3.83995
-3.68323
-3.51849
-3.34258
-3.15364
-2.95218
-2.74196
-2.52749
-2.30861
-2.08234
-1.84469
-1.59413
-1.33337
-1.06555
-0.79024
-0.505037
-0.210175
0.0905931
0.393631
0.702043
1.02457
1.36692
1.72726
2.09821
2.47808
2.86637
3.25587
3.63943
4.02214
4.42529
4.86229
4.63787
4.20808
3.77934
3.342
2.92842
2.53899
2.15453
1.77964
1.42373
1.07919
0.741667
0.41947
0.110871
-0.195498
-0.500756
-0.79671
-1.07828
-1.3483
-1.6117
-1.86915
-2.11897
-2.35907
-2.5882
-2.80672
-3.01637
-3.22039
-3.41778
-3.60556
-3.78324
-3.95349
-4.11764
-4.27216
-4.4152
-4.54902
-4.67771
-4.80083
-4.91614
-5.01985
-5.11049
-5.19128
-5.26861
-5.34358
-5.41325
-5.47482
-5.52512
-5.56458
-5.59608
-5.62016
-5.63718
-5.64762
-5.65056
-5.64792
-5.64034
-5.62601
-5.60357
-5.56921
-5.52277
-5.46617
-5.40306
-5.33761
-5.26961
-5.19791
-5.11728
-5.02543
-4.91996
-4.80297
-4.67561
-4.54096
-4.39957
-4.2536
-4.10263
-3.94646
-3.7827
-3.60848
-3.42136
-3.22154
-3.0126
-2.79842
-2.57998
-2.35471
-2.11824
-1.86914
-1.61009
-1.34415
-1.07119
-0.788885
-0.495454
-0.195508
0.107585
0.41585
0.737432
1.07919
1.43897
1.81128
2.19237
2.5818
2.97414
3.35988
3.74404
4.14605
4.58351
4.3563
3.92813
3.49596
3.05781
2.6468
2.25741
1.87098
1.4956
1.14098
0.796774
0.459725
0.13883
-0.169007
-0.474176
-0.777773
-1.07195
-1.3513
-1.61961
-1.88212
-2.13908
-2.38839
-2.62724
-2.85485
-3.07224
-3.28171
-3.48524
-3.68113
-3.86765
-4.04436
-4.21368
-4.37662
-4.53015
-4.67208
-4.8049
-4.93319
-5.05643
-5.17119
-5.27395
-5.36391
-5.44431
-5.52118
-5.596
-5.6648
-5.7254
-5.77534
-5.81448
-5.84607
-5.87059
-5.8876
-5.89806
-5.90102
-5.89808
-5.89093
-5.87719
-5.85517
-5.82112
-5.77448
-5.71806
-5.65513
-5.59041
-5.5232
-5.45242
-5.37274
-5.28161
-5.17694
-5.0605
-4.93377
-4.79977
-4.65922
-4.51413
-4.36376
-4.20866
-4.04652
-3.87438
-3.69005
-3.49236
-3.28553
-3.07208
-2.85409
-2.6298
-2.39473
-2.14746
-1.8905
-1.62686
-1.35692
-1.0771
-0.785971
-0.485934
-0.182136
0.12663
0.447896
0.788361
1.14816
1.52061
1.90249
2.29342
2.68715
3.07488
3.45841
3.85903
4.29464
4.0717
3.64492
3.21019
2.77415
2.36737
1.97908
1.59119
1.21718
0.864942
0.521745
0.186215
-0.133464
-0.440166
-0.743486
-1.0453
-1.33737
-1.61459
-1.88163
-2.14304
-2.39943
-2.6484
-2.88611
-3.11225
-3.32882
-3.5385
-3.74159
-3.93625
-4.12183
-4.29789
-4.46664
-4.62854
-4.78138
-4.92231
-5.05441
-5.18254
-5.30621
-5.42053
-5.52263
-5.61215
-5.69256
-5.76914
-5.84383
-5.91211
-5.97175
-6.02138
-6.06038
-6.0921
-6.11733
-6.13454
-6.14489
-6.14801
-6.14489
-6.13811
-6.125
-6.10339
-6.06975
-6.02292
-5.96666
-5.90391
-5.83968
-5.77326
-5.70319
-5.62451
-5.53396
-5.42997
-5.31382
-5.18775
-5.0542
-4.9144
-4.76963
-4.6195
-4.46529
-4.3041
-4.13385
-3.95168
-3.75598
-3.55022
-3.33709
-3.11891
-2.89456
-2.66008
-2.41421
-2.15911
-1.89757
-1.62969
-1.35233
-1.06359
-0.764503
-0.460071
-0.151198
0.168606
0.506934
0.8647
1.2357
1.61587
2.00486
2.39817
2.78555
3.16833
3.56428
3.99659
3.79775
3.37167
2.93599
2.50373
2.10214
1.71467
1.32609
0.954583
0.604592
0.262867
-0.0711385
-0.389869
-0.695201
-0.99688
-1.29713
-1.58701
-1.86272
-2.12885
-2.38917
-2.64526
-2.89399
-3.13083
-3.35583
-3.57193
-3.78212
-3.98501
-4.17897
-4.36389
-4.53974
-4.70839
-4.86971
-5.02197
-5.16224
-5.29415
-5.42243
-5.5468
-5.66099
-5.76269
-5.85217
-5.93296
-6.00955
-6.08413
-6.15227
-6.21098
-6.26032
-6.29942
-6.33137
-6.35742
-6.37497
-6.38501
-6.38817
-6.38506
-6.37847
-6.36588
-6.34448
-6.31114
-6.26406
-6.20758
-6.1447
-6.08044
-6.01454
-5.94481
-5.86678
-5.77634
-5.67262
-5.5562
-5.43027
-5.29655
-5.15681
-5.01157
-4.86149
-4.70742
-4.54644
-4.37777
-4.19673
-4.00292
-3.79736
-3.58387
-3.36546
-3.14078
-2.90674
-2.66242
-2.40921
-2.1495
-1.8837
-1.60987
-1.32317
-1.02608
-0.722489
-0.414178
-0.0957683
0.24048
0.594564
0.963097
1.341
1.72841
2.12177
2.51031
2.89212
3.28685
3.71594
3.54604
3.12049
2.68461
2.25674
1.85971
1.47197
1.08337
0.713804
0.365215
0.0245051
-0.309056
-0.627381
-0.931868
-1.2331
-1.53228
-1.82056
-2.09576
-2.36135
-2.6211
-2.87739
-3.126
-3.36228
-3.58656
-3.80253
-4.01326
-4.21626
-4.40998
-4.59423
-4.77009
-4.93887
-5.09983
-5.25148
-5.39139
-5.52334
-5.6519
-5.77687
-5.8912
-5.99262
-6.08225
-6.16342
-6.24018
-6.31464
-6.3827
-6.44057
-6.48944
-6.52899
-6.56113
-6.58782
-6.60571
-6.61517
-6.61821
-6.61513
-6.60863
-6.59646
-6.57506
-6.54194
-6.49449
-6.43751
-6.37424
-6.30962
-6.24403
-6.17448
-6.09701
-6.00651
-5.90284
-5.78591
-5.65985
-5.52562
-5.38572
-5.24003
-5.09018
-4.93588
-4.77542
-4.60816
-4.42826
-4.23613
-4.03101
-3.81691
-3.59807
-3.37314
-3.13973
-2.89686
-2.64511
-2.38682
-2.12346
-1.8518
-1.56685
-1.26985
-0.965947
-0.656933
-0.338194
-0.00327856
0.350978
0.718528
1.09623
1.48417
1.87741
2.26733
2.65075
3.04251
3.46825
3.31832
2.89301
2.45678
2.03311
1.63899
1.25046
0.861976
0.493197
0.14541
-0.195157
-0.529263
-0.847617
-1.15231
-1.45418
-1.75284
-2.04059
-2.31611
-2.58161
-2.84175
-3.0987
-3.34746
-3.58378
-3.80778
-4.02391
-4.23538
-4.43897
-4.63273
-4.81629
-4.99248
-5.16152
-5.32229
-5.47321
-5.613
-5.74511
-5.87395
-5.99934
-6.11413
-6.21534
-6.3052
-6.38671
-6.46374
-6.5379
-6.60576
-6.66287
-6.71124
-6.75145
-6.784
-6.81103
-6.8292
-6.83801
-6.84075
-6.83779
-6.8315
-6.81989
-6.7985
-6.76542
-6.71772
-6.6601
-6.59657
-6.5316
-6.46653
-6.39735
-6.32057
-6.23012
-6.12645
-6.00898
-5.88262
-5.74785
-5.6079
-5.46212
-5.3125
-5.1578
-4.99831
-4.83174
-4.65316
-4.46179
-4.2569
-4.04176
-3.82136
-3.59513
-3.36144
-3.11879
-2.86724
-2.60956
-2.34725
-2.07523
-1.79075
-1.49216
-1.18589
-0.874851
-0.555043
-0.219249
0.135683
0.504103
0.881571
1.26775
1.66189
2.05182
2.43374
2.82324
3.24382
3.1081
2.68187
2.24455
1.82398
1.43106
1.04152
0.652472
0.283774
-0.063621
-0.404869
-0.739792
-1.05819
-1.36379
-1.66657
-1.96492
-2.25263
-2.52844
-2.7942
-3.05519
-3.31269
-3.56156
-3.79815
-4.02188
-4.2383
-4.45063
-4.65517
-4.8489
-5.03186
-5.20848
-5.37791
-5.53864
-5.68874
-5.82864
-5.96091
-6.09011
-6.21589
-6.33143
-6.4326
-6.52273
-6.60462
-6.68195
-6.75577
-6.82331
-6.87999
-6.92796
-6.96901
-7.00218
-7.0293
-7.04767
-7.05597
-7.05831
-7.05555
-7.04958
-7.03877
-7.0175
-6.98431
-6.93632
-6.87793
-6.81417
-6.74891
-6.68448
-6.61578
-6.53965
-6.44922
-6.3452
-6.22703
-6.09991
-5.96444
-5.8243
-5.67832
-5.52845
-5.37324
-5.21443
-5.0477
-4.87007
-4.67849
-4.47287
-4.25652
-4.03378
-3.80544
-3.57077
-3.32773
-3.07619
-2.81917
-2.55683
-2.28502
-2.00009
-1.70114
-1.39337
-1.0811
-0.760673
-0.423897
-0.0705508
0.297311
0.673478
1.05899
1.45206
1.84264
2.22446
2.61269
3.03029
2.90551
2.47689
2.03808
1.61895
1.2262
0.835089
0.444557
0.0755087
-0.272203
-0.614849
-0.950553
-1.26917
-1.57592
-1.87956
-2.17756
-2.46497
-2.74056
-3.00649
-3.26817
-3.52535
-3.77378
-4.01001
-4.23298
-4.44944
-4.66217
-4.86723
-5.06037
-5.2425
-5.41922
-5.58883
-5.74932
-5.89833
-6.03807
-6.17016
-6.29964
-6.42564
-6.54208
-6.64314
-6.73338
-6.81564
-6.89307
-6.96647
-7.03342
-7.0899
-7.13762
-7.17942
-7.21328
-7.24024
-7.25863
-7.26653
-7.26839
-7.2658
-7.26011
-7.25014
-7.22905
-7.19549
-7.14704
-7.08769
-7.02375
-6.9583
-6.89445
-6.82627
-6.75056
-6.66008
-6.55556
-6.43659
-6.30862
-6.17266
-6.03255
-5.88644
-5.73645
-5.5814
-5.42312
-5.25649
-5.07983
-4.88866
-4.68247
-4.46598
-4.24203
-4.01256
-3.77797
-3.53568
-3.28549
-3.03009
-2.76894
-2.49949
-2.21456
-1.91608
-1.60781
-1.29434
-0.972574
-0.635988
-0.28201
0.0857045
0.462911
0.850381
1.24441
1.63804
2.0242
2.4122
2.83087
2.69947
2.26795
1.8276
1.40919
1.01687
0.623795
0.231599
-0.137498
-0.486006
-0.830128
-1.1665
-1.48535
-1.79319
-2.09769
-2.39537
-2.68198
-2.95692
-3.22318
-3.48514
-3.74117
-3.98861
-4.2236
-4.44535
-4.6615
-4.87401
-5.07898
-5.2709
-5.45193
-5.62815
-5.79766
-5.9574
-6.10493
-6.24383
-6.37541
-6.50485
-6.63088
-6.74776
-6.84871
-6.9386
-7.02112
-7.09831
-7.17104
-7.2372
-7.2935
-7.34103
-7.3832
-7.41765
-7.44426
-7.46247
-7.47006
-7.47151
-7.46905
-7.46351
-7.45423
-7.43351
-7.39949
-7.35072
-7.29058
-7.22671
-7.16141
-7.09827
-7.0308
-6.9555
-6.8654
-6.76059
-6.64163
-6.51343
-6.37802
-6.23853
-6.09308
-5.94393
-5.79024
-5.63279
-5.4674
-5.29211
-5.1026
-4.89678
-4.68094
-4.45703
-4.22777
-3.99405
-3.75303
-3.50462
-3.25092
-2.99193
-2.72436
-2.43986
-2.13996
-1.82967
-1.5134
-1.18952
-0.852793
-0.496107
-0.126529
0.252562
0.640272
1.03806
1.43466
1.82155
2.21071
2.62652
2.48321
2.04898
1.60721
1.19003
0.798697
0.403853
0.0112089
-0.356957
-0.7058
-1.05077
-1.38708
-1.70535
-2.01363
-2.31868
-2.61553
-2.9007
-3.17459
-3.44111
-3.70286
-3.95733
-4.20316
-4.43624
-4.65695
-4.8728
-5.0847
-5.28918
-5.47972
-5.65988
-5.8354
-6.00491
-6.16389
-6.30982
-6.44737
-6.57852
-6.70793
-6.83401
-6.95113
-7.05203
-7.14136
-7.22411
-7.30093
-7.37304
-7.43843
-7.49461
-7.54205
-7.58431
-7.61928
-7.64566
-7.66359
-7.67104
-7.67231
-7.67009
-7.66464
-7.65594
-7.63573
-7.60137
-7.5526
-7.49203
-7.42848
-7.3637
-7.3012
-7.23463
-7.15974
-7.07031
-6.96556
-6.84713
-6.71921
-6.58489
-6.44613
-6.30173
-6.15389
-6.0015
-5.84467
-5.68067
-5.50627
-5.31831
-5.11319
-4.89729
-4.67301
-4.44394
-4.21073
-3.97045
-3.72317
-3.47097
-3.21437
-2.94717
-2.66418
-2.36278
-2.05004
-1.73158
-1.40742
-1.07069
-0.715195
-0.345572
0.0321195
0.417817
0.816341
1.21465
1.60179
1.99059
2.40421
2.25935
1.82302
1.38057
0.965798
0.575555
0.179463
-0.212223
-0.578452
-0.926965
-1.27233
-1.6077
-1.92428
-2.23235
-2.53718
-2.83252
-3.11555
-3.38789
-3.65421
-3.91507
-4.1674
-4.41086
-4.6415
-4.86151
-5.07684
-5.28785
-5.49144
-5.68081
-5.86044
-6.03534
-6.20521
-6.36342
-6.5078
-6.64384
-6.77502
-6.90467
-7.03108
-7.14832
-7.24948
-7.3383
-7.42137
-7.49807
-7.56972
-7.63471
-7.69075
-7.7382
-7.7804
-7.81583
-7.84224
-7.85999
-7.86733
-7.8685
-7.86668
-7.86129
-7.85276
-7.83296
-7.79826
-7.74956
-7.68871
-7.62539
-7.56096
-7.49877
-7.43281
-7.35793
-7.26893
-7.16399
-7.04597
-6.91805
-6.78443
-6.64577
-6.50231
-6.35553
-6.20367
-6.04706
-5.8837
-5.70982
-5.52242
-5.31848
-5.10218
-4.87739
-4.64881
-4.41648
-4.17741
-3.93223
-3.68296
-3.42927
-3.1633
-2.88351
-2.58349
-2.27026
-1.95159
-1.62858
-1.29243
-0.941509
-0.57438
-0.19901
0.186927
0.583938
0.985121
1.37796
1.76628
2.18164
2.03671
1.59977
1.15892
0.747776
0.358531
-0.0375445
-0.427269
-0.790712
-1.13872
-1.48479
-1.81865
-2.13346
-2.44135
-2.74568
-3.03965
-3.32078
-3.59155
-3.85754
-4.11723
-4.36729
-4.60787
-4.8361
-5.05568
-5.27022
-5.48001
-5.68243
-5.87075
-6.04995
-6.22435
-6.39463
-6.55189
-6.69479
-6.82915
-6.96063
-7.0906
-7.21741
-7.33447
-7.43599
-7.52423
-7.60749
-7.68431
-7.75563
-7.82034
-7.87618
-7.92346
-7.96544
-8.00119
-8.02767
-8.0452
-8.05242
-8.05344
-8.05199
-8.04649
-8.03767
-8.01804
-7.98285
-7.93423
-7.87324
-7.80984
-7.7457
-7.68339
-7.61776
-7.5426
-7.45389
-7.34864
-7.23105
-7.10298
-6.96991
-6.83131
-6.68922
-6.54336
-6.3919
-6.2359
-6.07293
-5.90022
-5.71327
-5.51142
-5.29572
-5.07107
-4.84372
-4.61283
-4.37585
-4.13381
-3.88814
-3.63639
-3.37252
-3.09461
-2.79658
-2.4829
-2.16322
-1.83924
-1.50347
-1.15481
-0.790087
-0.415446
-0.0289745
0.366556
0.76946
1.16563
1.55331
1.96472
1.82563
1.38948
0.952474
0.54511
0.157101
-0.237844
-0.624788
-0.984599
-1.33227
-1.67911
-2.01117
-2.32467
-2.63251
-2.93637
-3.22993
-3.50995
-3.77972
-4.04588
-4.30486
-4.55319
-4.79119
-5.01777
-5.2376
-5.45147
-5.66043
-5.86171
-6.04947
-6.22871
-6.40305
-6.57376
-6.73009
-6.87163
-7.00451
-7.13661
-7.26688
-7.394
-7.51074
-7.61253
-7.70023
-7.78355
-7.86074
-7.9318
-7.99629
-8.05166
-8.09868
-8.14039
-8.17619
-8.20272
-8.22014
-8.22727
-8.22801
-8.22703
-8.22144
-8.21198
-8.19236
-8.15687
-8.10845
-8.04757
-7.98423
-7.92047
-7.85795
-7.79272
-7.71731
-7.62896
-7.52363
-7.40655
-7.27854
-7.14616
-7.00793
-6.86754
-6.72236
-6.57125
-6.41597
-6.25294
-6.08144
-5.89445
-5.6943
-5.47902
-5.25406
-5.02689
-4.79632
-4.56053
-4.32053
-4.07633
-3.82383
-3.56108
-3.28214
-2.98424
-2.66952
-2.34818
-2.02267
-1.68895
-1.34132
-0.980176
-0.608401
-0.22705
0.165601
0.565976
0.95884
1.34538
1.74835
1.63417
1.1997
0.766789
0.362111
-0.025038
-0.419113
-0.803172
-1.15941
-1.50744
-1.85506
-2.1854
-2.49813
-2.80568
-3.10912
-3.40305
-3.6824
-3.9515
-4.21802
-4.47649
-4.72348
-4.95946
-5.18517
-5.40555
-5.61912
-5.82768
-6.02812
-6.21601
-6.39577
-6.57068
-6.74199
-6.8977
-7.03831
-7.17023
-7.30323
-7.4342
-7.56177
-7.67826
-7.7804
-7.86779
-7.95121
-8.02927
-8.1002
-8.16458
-8.21956
-8.26625
-8.30782
-8.34374
-8.37036
-8.38777
-8.3949
-8.39545
-8.39487
-8.38938
-8.3792
-8.35949
-8.3237
-8.27549
-8.2149
-8.15148
-8.08808
-8.02529
-7.96032
-7.88454
-7.79638
-7.69071
-7.57374
-7.44532
-7.31307
-7.17497
-7.03569
-6.89018
-6.73886
-6.58337
-6.41935
-6.24814
-6.06017
-5.86019
-5.64457
-5.41868
-5.19075
-4.95958
-4.72438
-4.4858
-4.24185
-3.98839
-3.72707
-3.44722
-3.14956
-2.83546
-2.5144
-2.18985
-1.86047
-1.51489
-1.15767
-0.790029
-0.415275
-0.0240402
0.374997
0.766064
1.15368
1.55301
1.46343
1.03125
0.601318
0.1983
-0.188777
-0.582902
-0.964492
-1.31819
-1.66775
-2.01673
-2.34631
-2.6591
-2.96646
-3.27027
-3.56542
-3.84442
-4.11332
-4.38021
-4.63805
-4.88407
-5.11823
-5.34324
-5.56394
-5.77718
-5.98539
-6.18477
-6.37298
-6.55336
-6.72889
-6.90045
-7.05559
-7.19541
-7.32662
-7.46048
-7.59222
-7.72008
-7.83628
-7.9386
-8.02597
-8.10943
-8.18854
-8.25945
-8.32361
-8.37826
-8.42457
-8.46606
-8.50205
-8.52861
-8.54599
-8.55322
-8.55344
-8.55313
-8.54784
-8.53689
-8.51697
-8.48075
-8.43251
-8.37214
-8.30842
-8.2453
-8.18205
-8.11724
-8.04097
-7.95266
-7.84645
-7.72915
-7.60017
-7.46779
-7.32987
-7.19142
-7.04529
-6.89406
-6.73812
-6.57344
-6.40238
-6.21408
-6.01426
-5.79901
-5.57344
-5.34563
-5.1148
-4.8812
-4.64463
-4.40128
-4.14824
-3.88861
-3.6087
-3.31051
-2.99634
-2.67491
-2.35089
-2.02351
-1.67801
-1.3209
-0.954335
-0.581896
-0.190005
0.209821
0.602019
0.989722
1.38777
1.30893
0.87828
0.449492
0.0475732
-0.340404
-0.735195
-1.11435
-1.46638
-1.81813
-2.16881
-2.49855
-2.81172
-3.11916
-3.42439
-3.72161
-4.00085
-4.27033
-4.53777
-4.79548
-5.04117
-5.2739
-5.49847
-5.71947
-5.93266
-6.1406
-6.33877
-6.52746
-6.70849
-6.8847
-7.0559
-7.21048
-7.3495
-7.48
-7.61437
-7.7467
-7.87446
-7.99006
-8.09214
-8.17949
-8.26276
-8.34289
-8.4136
-8.47724
-8.53149
-8.57729
-8.61861
-8.65448
-8.68086
-8.69814
-8.70554
-8.7054
-8.70518
-8.70024
-8.68861
-8.66837
-8.63189
-8.58359
-8.5237
-8.45991
-8.39736
-8.33399
-8.26951
-8.1931
-8.10496
-7.9987
-7.88147
-7.75257
-7.6208
-7.48391
-7.3467
-7.20049
-7.0502
-6.89415
-6.7296
-6.55876
-6.37114
-6.17159
-5.95692
-5.73214
-5.50433
-5.27346
-5.0409
-4.80517
-4.56098
-4.30775
-4.04753
-3.76609
-3.4645
-3.14754
-2.82379
-2.49914
-2.17131
-1.82562
-1.46755
-1.10204
-0.731232
-0.341443
0.0573444
0.450615
0.836534
1.23381
1.16767
0.736341
0.306367
-0.0956961
-0.48637
-0.882724
-1.25986
-1.61109
-1.96532
-2.31804
-2.64813
-2.96116
-3.26851
-3.57556
-3.87479
-4.15437
-4.42451
-4.69221
-4.94994
-5.19579
-5.42723
-5.65149
-5.87284
-6.08641
-6.29419
-6.49133
-6.68097
-6.86296
-7.0401
-7.21097
-7.36529
-7.50371
-7.63376
-7.76858
-7.90181
-8.02933
-8.14427
-8.24594
-8.33365
-8.41676
-8.49797
-8.56862
-8.63164
-8.68566
-8.73094
-8.77208
-8.80794
-8.83405
-8.85133
-8.85911
-8.85874
-8.85858
-8.85425
-8.84212
-8.82178
-8.78514
-8.73684
-8.67775
-8.6141
-8.55238
-8.4891
-8.42506
-8.34874
-8.26077
-8.15475
-8.03769
-7.90913
-7.77797
-7.64222
-7.50583
-7.35934
-7.20987
-7.05286
-6.88818
-6.71642
-6.52901
-6.32864
-6.11344
-5.88864
-5.65983
-5.42798
-5.19552
-4.95943
-4.71386
-4.46059
-4.19919
-3.91667
-3.61199
-3.29282
-2.96814
-2.64458
-2.31737
-1.97384
-1.61623
-1.25225
-0.881987
-0.493816
-0.0933976
0.305229
0.693365
1.09419
1.03599
0.602195
0.169729
-0.233635
-0.628635
-1.02729
-1.40323
-1.7546
-2.11207
-2.46764
-2.79831
-3.11086
-3.41836
-3.72759
-4.02852
-4.3083
-4.57884
-4.84599
-5.10364
-5.34936
-5.57901
-5.80252
-6.02368
-6.23749
-6.44469
-6.64064
-6.8311
-7.01387
-7.19194
-7.36222
-7.51647
-7.65418
-7.78398
-7.91907
-8.05341
-8.18056
-8.29489
-8.39605
-8.48441
-8.56751
-8.64985
-8.72067
-8.7831
-8.83699
-8.88191
-8.92278
-8.95866
-8.98464
-9.00186
-9.01018
-9.00969
-9.00941
-9.00572
-8.99326
-8.97264
-8.93581
-8.8873
-8.82884
-8.76528
-8.70421
-8.64093
-8.57701
-8.50061
-8.4125
-8.30659
-8.18931
-8.06097
-7.93006
-7.79521
-7.65903
-7.51232
-7.36344
-7.20522
-7.04053
-6.86754
-6.68075
-6.47973
-6.26446
-6.04058
-5.81187
-5.58033
-5.34915
-5.11381
-4.8684
-4.61694
-4.35533
-4.07315
-3.76626
-3.44488
-3.11888
-2.79563
-2.46767
-2.12495
-1.76543
-1.3995
-1.02585
-0.636118
-0.23126
0.174219
0.56515
0.968292
0.907213
0.470025
0.0349195
-0.370138
-0.769777
-1.17043
-1.54483
-1.89632
-2.2571
-2.61555
-2.94644
-3.25818
-3.56608
-3.87774
-4.18032
-4.46066
-4.73155
-4.99796
-5.25579
-5.50142
-5.72909
-5.95176
-6.17248
-6.38636
-6.59254
-6.78706
-6.97804
-7.16135
-7.34018
-7.5095
-7.66339
-7.80009
-7.92947
-8.06446
-8.19962
-8.32596
-8.43936
-8.5397
-8.62866
-8.71159
-8.79475
-8.86578
-8.92743
-8.98116
-9.02551
-9.06586
-9.10166
-9.12741
-9.1445
-9.15333
-9.15274
-9.15212
-9.14898
-9.13617
-9.1152
-9.07818
-9.02937
-8.97167
-8.90825
-8.84788
-8.78468
-8.72084
-8.64457
-8.55647
-8.4511
-8.33398
-8.20651
-8.07641
-7.943
-7.80744
-7.66138
-7.51374
-7.35499
-7.19109
-7.01737
-6.83214
-6.63138
-6.4169
-6.19479
-5.96673
-5.73593
-5.50598
-5.27077
-5.02513
-4.77466
-4.51146
-4.22798
-3.91717
-3.59159
-3.26244
-2.93813
-2.60888
-2.2671
-1.90671
-1.54022
-1.16579
-0.777811
-0.372568
0.0358625
0.427188
0.83002
0.775745
0.335661
-0.101612
-0.508371
-0.912454
-1.31446
-1.68647
-2.03768
-2.40134
-2.76149
-3.09138
-3.40151
-3.70919
-4.02254
-4.32606
-4.60662
-4.87739
-5.14274
-5.40086
-5.64615
-5.87198
-6.09401
-6.31429
-6.52831
-6.73351
-6.92687
-7.11845
-7.3026
-7.48246
-7.65095
-7.80461
-7.94033
-8.06961
-8.20444
-8.34047
-8.46587
-8.57823
-8.67767
-8.76732
-8.85018
-8.93408
-9.0055
-9.06641
-9.11987
-9.16359
-9.20325
-9.23895
-9.26457
-9.28155
-9.29096
-9.29044
-9.28938
-9.28671
-9.27363
-9.2523
-9.21527
-9.16634
-9.10962
-9.0466
-8.98693
-8.92393
-8.86004
-8.78401
-8.69599
-8.59149
-8.4748
-8.3485
-8.2192
-8.08726
-7.95192
-7.8065
-7.65955
-7.49987
-7.33619
-7.161
-6.9766
-6.7753
-6.56071
-6.33944
-6.11106
-5.88026
-5.65062
-5.41464
-5.16825
-4.91832
-4.65368
-4.36949
-4.05666
-3.72938
-3.40003
-3.07768
-2.75125
-2.41467
-2.05781
-1.69409
-1.32133
-0.935595
-0.529131
-0.115571
0.279853
0.685336
0.636548
0.19611
-0.241284
-0.648222
-1.05548
-1.45745
-1.82588
-2.17671
-2.5428
-2.90356
-3.23193
-3.54008
-3.84716
-4.16173
-4.46553
-4.74585
-5.01605
-5.27987
-5.53789
-5.78219
-6.00612
-6.22734
-6.44658
-6.66043
-6.86422
-7.05632
-7.24822
-7.43318
-7.61409
-7.78173
-7.93509
-8.06995
-8.19939
-8.33414
-8.47104
-8.5955
-8.70688
-8.80553
-8.89597
-8.979
-9.06367
-9.13587
-9.19615
-9.24929
-9.29244
-9.33139
-9.36704
-9.39271
-9.40958
-9.41965
-9.41927
-9.41764
-9.41517
-9.40174
-9.37986
-9.34278
-9.29356
-9.23766
-9.17485
-9.11552
-9.05229
-8.98792
-8.9118
-8.82348
-8.71947
-8.60277
-8.47723
-8.34813
-8.21701
-8.08129
-7.93612
-7.78921
-7.62839
-7.46463
-7.28798
-7.10432
-6.90283
-6.68897
-6.46934
-6.24199
-6.01278
-5.78493
-5.54983
-5.30458
-5.05686
-4.7928
-4.50996
-4.19752
-3.87053
-3.54181
-3.22148
-2.89803
-2.56566
-2.21111
-1.84812
-1.47503
-1.08858
-0.679799
-0.262428
0.135877
0.540255
0.489927
0.0511279
-0.38444
-0.789443
-1.19807
-1.59779
-1.96079
-2.31064
-2.67774
-3.03741
-3.36389
-3.66979
-3.97611
-4.29187
-4.59597
-4.8764
-5.14633
-5.40911
-5.6672
-5.91076
-6.13353
-6.3542
-6.57231
-6.78571
-6.98794
-7.17882
-7.37075
-7.55642
-7.73818
-7.90457
-8.05725
-8.19121
-8.32081
-8.45522
-8.59246
-8.71554
-8.82564
-8.92324
-9.01429
-9.09745
-9.18271
-9.25558
-9.31509
-9.36763
-9.41005
-9.4481
-9.48354
-9.50922
-9.52595
-9.53644
-9.53619
-9.53379
-9.53126
-9.51726
-9.49468
-9.45758
-9.40815
-9.35303
-9.29046
-9.23129
-9.16787
-9.10284
-9.02673
-8.93819
-8.83502
-8.71869
-8.59447
-8.46605
-8.33624
-8.20068
-8.05642
-7.91
-7.74911
-7.58586
-7.40896
-7.22702
-7.02637
-6.81448
-6.59739
-6.37159
-6.14435
-5.91804
-5.68319
-5.43809
-5.19091
-4.92595
-4.64226
-4.32832
-3.99989
-3.66992
-3.3501
-3.02924
-2.70054
-2.34943
-1.98947
-1.62017
-1.23595
-0.829825
-0.414658
-0.0155736
0.384625
0.347225
-0.0897767
-0.523196
-0.925906
-1.33579
-1.73228
-2.08962
-2.4387
-2.80555
-3.16306
-3.48714
-3.79012
-4.09515
-4.41166
-4.71555
-4.99592
-5.26575
-5.52762
-5.78591
-6.02924
-6.25178
-6.4724
-6.68965
-6.90303
-7.10413
-7.29434
-7.48673
-7.67376
-7.85667
-8.02217
-8.17438
-8.30797
-8.43823
-8.57245
-8.70999
-8.83167
-8.94043
-9.03695
-9.1287
-9.21224
-9.2981
-9.37178
-9.43052
-9.48227
-9.52398
-9.56114
-9.59636
-9.6222
-9.63879
-9.64975
-9.6497
-9.64656
-9.64379
-9.62936
-9.60607
-9.56923
-9.51994
-9.46584
-9.40378
-9.34477
-9.28118
-9.21549
-9.13952
-9.05093
-8.94893
-8.83327
-8.71064
-8.58293
-8.45443
-8.31876
-8.17494
-8.02836
-7.86678
-7.70322
-7.52537
-7.34414
-7.14319
-6.93215
-6.7159
-6.48991
-6.26296
-6.03648
-5.80052
-5.55431
-5.30633
-5.04038
-4.75568
-4.44149
-4.11383
-3.78516
-3.46796
-3.15298
-2.82957
-2.48417
-2.12826
-1.76343
-1.37809
-0.971151
-0.555885
-0.150095
0.248064
0.220185
-0.215791
-0.647232
-1.04822
-1.4597
-1.85305
-2.20584
-2.55517
-2.92209
-3.2781
-3.60051
-3.9008
-4.20512
-4.5228
-4.82652
-5.10702
-5.37675
-5.63758
-5.89605
-6.13933
-6.36189
-6.58229
-6.79844
-7.01162
-7.2115
-7.40107
-7.59402
-7.78253
-7.9666
-8.13122
-8.28326
-8.41692
-8.54832
-8.68259
-8.82051
-8.94102
-9.04857
-9.14426
-9.23698
-9.32135
-9.40819
-9.48285
-9.54099
-9.59206
-9.63321
-9.66978
-9.70494
-9.73104
-9.74766
-9.75902
-9.75928
-9.75531
-9.75229
-9.7373
-9.7133
-9.67668
-9.62739
-9.57413
-9.51228
-9.45304
-9.38899
-9.32217
-9.24597
-9.15691
-9.05558
-8.94004
-8.81831
-8.69059
-8.56271
-8.42615
-8.282
-8.13442
-7.97186
-7.8073
-7.62862
-7.44779
-7.24656
-7.03685
-6.82175
-6.59616
-6.37041
-6.14474
-5.90891
-5.66277
-5.41491
-5.14945
-4.86431
-4.55045
-4.22376
-3.89487
-3.57775
-3.26665
-2.94356
-2.59946
-2.2424
-1.87854
-1.48723
-1.07813
-0.665424
-0.254589
0.135935
0.117224
-0.319882
-0.751016
-1.15206
-1.56602
-1.95687
-2.30625
-2.65633
-3.02358
-3.37891
-3.70003
-3.998
-4.30247
-4.62217
-4.92652
-5.20798
-5.47829
-5.73874
-5.99818
-6.24242
-6.46565
-6.68612
-6.90135
-7.11438
-7.31317
-7.50221
-7.69577
-7.88562
-8.07049
-8.23403
-8.38575
-8.5196
-8.65205
-8.7862
-8.92408
-9.04309
-9.14922
-9.24392
-9.33754
-9.42274
-9.51039
-9.58587
-9.64335
-9.69358
-9.73412
-9.77013
-9.80511
-9.8314
-9.84804
-9.8596
-9.86004
-9.8552
-9.85179
-9.83621
-9.81143
-9.77502
-9.72576
-9.67329
-9.61166
-9.55204
-9.48757
-9.41971
-9.34344
-9.25407
-9.15368
-9.03853
-8.91806
-8.79075
-8.66396
-8.52724
-8.38316
-8.23508
-8.07251
-7.90742
-7.72892
-7.54911
-7.34838
-7.14079
-6.92688
-6.70122
-6.4758
-6.24985
-6.01296
-5.76506
-5.51451
-5.24778
-4.95834
-4.64212
-4.3137
-3.98216
-3.66283
-3.35535
-3.03121
-2.69046
-2.33395
-1.97366
-1.58082
-1.17348
-0.763211
-0.348681
0.0380873
0.0399425
-0.399233
-0.831722
-1.23496
-1.65283
-2.04288
-2.39083
-2.74284
-3.11175
-3.46754
-3.78755
-4.08348
-4.38854
-4.71053
-5.01565
-5.29806
-5.5688
-5.82898
-6.08984
-6.33561
-6.55988
-6.78056
-6.9952
-7.20846
-7.4066
-7.59562
-7.79028
-7.98172
-8.1676
-8.33038
-8.48227
-8.61679
-8.75067
-8.88493
-9.02281
-9.14044
-9.24519
-9.33896
-9.43367
-9.51985
-9.60837
-9.68461
-9.74144
-9.7909
-9.83097
-9.86668
-9.90142
-9.928
-9.9447
-9.95646
-9.95707
-9.95152
-9.94774
-9.93174
-9.90627
-9.87035
-9.82132
-9.76975
-9.70852
-9.64868
-9.58388
-9.51508
-9.43891
-9.34934
-9.25013
-9.13555
-9.0163
-8.88923
-8.76335
-8.62611
-8.48136
-8.3321
-8.16884
-8.00208
-7.82324
-7.64293
-7.44127
-7.23454
-7.01997
-6.7924
-6.56579
-6.33812
-6.09949
-5.85002
-5.596
-5.32952
-5.03635
-4.7208
-4.39373
-4.06272
-3.74258
-3.44049
-3.11741
-2.78222
-2.42463
-2.06118
-1.66674
-1.25621
-0.835412
-0.419205
-0.026294
-0.0225556
-0.463123
-0.897044
-1.30263
-1.72396
-2.11352
-2.46058
-2.81501
-3.18694
-3.54428
-3.86384
-4.15868
-4.46553
-4.79083
-5.09744
-5.38109
-5.65231
-5.91239
-6.17509
-6.42248
-6.64744
-6.86802
-7.0817
-7.29477
-7.49196
-7.68071
-7.87612
-8.06859
-8.25505
-8.41701
-8.56912
-8.70442
-8.8397
-8.97406
-9.11196
-9.22831
-9.33178
-9.42488
-9.52088
-9.60816
-9.69763
-9.7746
-9.83106
-9.87991
-9.91973
-9.95538
-9.99002
-10.0169
-10.0337
-10.0456
-10.0463
-10.04
-10.0359
-10.0195
-9.99329
-9.95772
-9.90883
-9.85787
-9.7968
-9.73633
-9.67097
-9.60098
-9.52457
-9.4345
-9.33592
-9.22148
-9.10287
-8.97532
-8.84981
-8.71186
-8.56629
-8.41533
-8.2521
-8.08335
-7.90496
-7.72437
-7.52305
-7.3187
-7.10452
-6.87645
-6.65036
-6.42296
-6.18484
-5.93595
-5.67967
-5.41468
-5.1183
-4.80435
-4.47754
-4.1443
-3.81951
-3.51709
-3.19401
-2.86149
-2.49974
-2.12514
-1.73638
-1.325
-0.891487
-0.485767
-0.0876916
-0.0807273
-0.522617
-0.958665
-1.36656
-1.79089
-2.17959
-2.52513
-2.88158
-3.25619
-3.61401
-3.9322
-4.22587
-4.53455
-4.8632
-5.17155
-5.45653
-5.72851
-5.98923
-6.25466
-6.50444
-6.73049
-6.95133
-7.16435
-7.37745
-7.57401
-7.76248
-7.9585
-8.15155
-8.33825
-8.49914
-8.65129
-8.7872
-8.92358
-9.05768
-9.19504
-9.30976
-9.4117
-9.50387
-9.60087
-9.68884
-9.77892
-9.85607
-9.91212
-9.96031
-9.9998
-10.0355
-10.0697
-10.0967
-10.1137
-10.1254
-10.126
-10.1191
-10.1146
-10.0977
-10.0707
-10.0357
-9.98708
-9.93682
-9.87605
-9.8151
-9.74948
-9.67854
-9.60221
-9.51222
-9.41483
-9.30122
-9.18397
-9.05668
-8.93236
-8.79514
-8.64951
-8.49778
-8.3358
-8.16587
-7.98945
-7.80873
-7.60898
-7.4076
-7.19346
-6.96446
-6.73778
-6.50863
-6.26946
-6.02026
-5.7588
-5.4929
-5.19118
-4.87878
-4.55005
-4.21437
-3.88715
-3.58135
-3.26653
-2.93916
-2.57894
-2.19449
-1.81477
-1.39967
-0.957315
-0.549856
-0.149818
-0.14208
-0.585088
-1.02345
-1.43297
-1.85996
-2.24739
-2.59115
-2.9499
-3.32721
-3.68444
-4.00047
-4.29279
-4.60279
-4.93397
-5.24304
-5.52817
-5.80014
-6.06117
-6.32898
-6.58079
-6.80749
-7.0285
-7.24091
-7.45409
-7.65035
-7.8387
-8.03548
-8.22914
-8.41637
-8.57662
-8.72925
-8.86615
-9.00401
-9.13823
-9.27526
-9.3886
-9.48929
-9.58075
-9.67903
-9.76774
-9.85849
-9.93577
-9.99164
-10.0393
-10.0787
-10.1147
-10.1486
-10.1759
-10.1932
-10.2046
-10.2051
-10.1977
-10.193
-10.1758
-10.1482
-10.1139
-10.0659
-10.0165
-9.9563
-9.89493
-9.82904
-9.75696
-9.68069
-9.5908
-9.49484
-9.38207
-9.26607
-9.13868
-9.01502
-8.87775
-8.73175
-8.57769
-8.41683
-8.24398
-8.06864
-7.88615
-7.68762
-7.4877
-7.27186
-7.04117
-6.81397
-6.58319
-6.34279
-6.09584
-5.83194
-5.56491
-5.2638
-4.95644
-4.62659
-4.29123
-3.96534
-3.65214
-3.34906
-3.01927
-2.65736
-2.26531
-1.87497
-1.44672
-1.0096
-0.580165
-0.188097
-0.207202
-0.653468
-1.09536
-1.50622
-1.93547
-2.32047
-2.66157
-3.02229
-3.40094
-3.75582
-4.06888
-4.35983
-4.67109
-5.00455
-5.3139
-5.5987
-5.87067
-6.13214
-6.40219
-6.65572
-6.88266
-7.10348
-7.31478
-7.52758
-7.72321
-7.91078
-8.10761
-8.30109
-8.48834
-8.64764
-8.80047
-8.9382
-9.07734
-9.2116
-9.34822
-9.4603
-9.55985
-9.65085
-9.75051
-9.83989
-9.93134
-10.0087
-10.0647
-10.1121
-10.1515
-10.1882
-10.2217
-10.2494
-10.2673
-10.2781
-10.2785
-10.2707
-10.2657
-10.2478
-10.2194
-10.1856
-10.1383
-10.0896
-10.0296
-9.96738
-9.90075
-9.82712
-9.75066
-9.6603
-9.56557
-9.45356
-9.33856
-9.21048
-9.0866
-8.94977
-8.80402
-8.64744
-8.48826
-8.31382
-8.14067
-7.95708
-7.76208
-7.56447
-7.34835
-7.11836
-6.89212
-6.66067
-6.41968
-6.1748
-5.91123
-5.63813
-5.3409
-5.03263
-4.69621
-4.35618
-4.03124
-3.71118
-3.41383
-3.07476
-2.71121
-2.32974
-1.91806
-1.48764
-1.05698
-0.618277
-0.221111
-0.26931
-0.720762
-1.16772
-1.58065
-2.01329
-2.39646
-2.7359
-3.09932
-3.47838
-3.82926
-4.13837
-4.42743
-4.73887
-5.07321
-5.38148
-5.66488
-5.93662
-6.19846
-6.47047
-6.72573
-6.95295
-7.17387
-7.38447
-7.59721
-7.7927
-7.97946
-8.17649
-8.36972
-8.55714
-8.71541
-8.86833
-9.00695
-9.14719
-9.28152
-9.41736
-9.52818
-9.62649
-9.71703
-9.81775
-9.90753
-9.9994
-10.0764
-10.1326
-10.1794
-10.2189
-10.2563
-10.2893
-10.3175
-10.3358
-10.3459
-10.346
-10.338
-10.3324
-10.3139
-10.2846
-10.2518
-10.2053
-10.1575
-10.0979
-10.0349
-9.96765
-9.89266
-9.81632
-9.7259
-9.63267
-9.52223
-9.40895
-9.28081
-9.15717
-9.02117
-8.87635
-8.71725
-8.56016
-8.38395
-8.21185
-8.02703
-7.83535
-7.63732
-7.41933
-7.18952
-6.96319
-6.72784
-6.48232
-6.23692
-5.97447
-5.69244
-5.40178
-5.08892
-4.74769
-4.40574
-4.08712
-3.77667
-3.47433
-3.13428
-2.77041
-2.39691
-1.9773
-1.55036
-1.09394
-0.673962
-0.267177
-0.327144
-0.784085
-1.23545
-1.6495
-2.08469
-2.46592
-2.8048
-3.17142
-3.5508
-3.89797
-4.20391
-4.49224
-4.80433
-5.13935
-5.44613
-5.72769
-5.99907
-6.26074
-6.53371
-6.79009
-7.0168
-7.23728
-7.44671
-7.65888
-7.8541
-8.03957
-8.2366
-8.42945
-8.61703
-8.77445
-8.92751
-9.06728
-9.20888
-9.34371
-9.47912
-9.58933
-9.68677
-9.77729
-9.87938
-9.96975
-10.0624
-10.1391
-10.196
-10.2422
-10.2821
-10.3205
-10.3532
-10.3822
-10.4013
-10.4103
-10.4105
-10.4022
-10.3959
-10.3766
-10.3465
-10.3148
-10.2693
-10.2221
-10.1627
-10.0985
-10.0302
-9.95351
-9.87654
-9.78588
-9.69353
-9.58398
-9.47197
-9.34324
-9.21791
-9.08069
-8.93735
-8.77394
-8.61664
-8.43983
-8.26657
-8.08108
-7.89173
-7.6913
-7.47265
-7.24483
-7.02041
-6.78462
-6.53529
-6.2887
-6.03296
-5.74645
-5.4638
-5.14538
-4.80369
-4.46051
-4.13972
-3.84313
-3.52494
-3.19564
-2.82987
-2.43847
-2.04334
-1.61556
-1.15522
-0.726497
-0.329638
-0.378475
-0.840629
-1.29555
-1.71014
-2.14692
-2.52634
-2.86544
-3.23412
-3.61269
-3.95566
-4.25839
-4.54652
-4.85926
-5.19487
-5.50086
-5.78132
-6.05331
-6.31565
-6.59007
-6.84841
-7.07502
-7.2954
-7.50403
-7.71565
-7.91077
-8.09444
-8.29113
-8.48309
-8.67023
-8.82621
-8.97869
-9.11936
-9.26153
-9.39664
-9.53103
-9.64064
-9.73689
-9.82738
-9.93039
-10.0212
-10.1142
-10.1904
-10.248
-10.2932
-10.3337
-10.3731
-10.4052
-10.4352
-10.455
-10.4629
-10.4627
-10.4546
-10.447
-10.4263
-10.3956
-10.365
-10.3204
-10.2735
-10.2137
-10.1482
-10.0786
-10.0005
-9.92238
-9.83149
-9.74042
-9.63218
-9.52195
-9.39283
-9.26596
-9.12848
-8.98697
-8.82204
-8.66456
-8.48972
-8.31411
-8.13186
-7.94446
-7.74255
-7.52756
-7.30451
-7.08145
-6.84413
-6.59164
-6.33694
-6.08342
-5.79638
-5.51102
-5.18657
-4.85039
-4.50741
-4.17771
-3.88603
-3.57613
-3.26495
-2.90549
-2.50429
-2.11166
-1.66868
-1.22556
-0.764925
-0.360399
-0.425871
-0.891075
-1.34669
-1.75982
-2.19604
-2.57401
-2.91435
-3.28433
-3.66247
-4.00207
-4.30197
-4.59096
-4.90416
-5.2396
-5.54486
-5.82401
-6.0965
-6.35921
-6.63471
-6.89537
-7.12196
-7.34254
-7.55114
-7.76264
-7.95851
-8.14082
-8.33802
-8.52971
-8.71682
-8.87194
-9.02402
-9.16616
-9.30908
-9.44496
-9.57829
-9.68775
-9.78278
-9.8736
-9.97726
-10.0686
-10.1618
-10.237
-10.2955
-10.3394
-10.3806
-10.4209
-10.4524
-10.484
-10.5039
-10.5103
-10.5108
-10.5025
-10.4935
-10.4714
-10.4406
-10.4115
-10.3681
-10.3215
-10.2616
-10.1948
-10.1247
-10.0447
-9.96637
-9.87479
-9.78496
-9.67836
-9.57052
-9.44279
-9.31512
-9.1742
-9.03582
-8.86923
-8.70786
-8.53669
-8.35643
-8.17861
-7.98812
-7.784
-7.5723
-7.35156
-7.12926
-6.8897
-6.63492
-6.37441
-6.1146
-5.83983
-5.54417
-5.23137
-4.90735
-4.56661
-4.23414
-3.92897
-3.64624
-3.32533
-2.96158
-2.57352
-2.13999
-1.70347
-1.24084
-0.818539
-0.415242
-0.466141
-0.935027
-1.39115
-1.80241
-2.2363
-2.61275
-2.95393
-3.32249
-3.69956
-4.03559
-4.33238
-4.62311
-4.93692
-5.27243
-5.57844
-5.85705
-6.13054
-6.3943
-6.67102
-6.93453
-7.16097
-7.38154
-7.59024
-7.80117
-7.99783
-8.17833
-8.37573
-8.56697
-8.75354
-8.90781
-9.0591
-9.20307
-9.34636
-9.48345
-9.61572
-9.72574
-9.8195
-9.91125
-10.0155
-10.108
-10.2015
-10.2761
-10.3356
-10.3779
-10.4205
-10.4618
-10.4927
-10.5262
-10.5468
-10.5518
-10.5528
-10.5443
-10.5334
-10.51
-10.4795
-10.452
-10.4091
-10.3626
-10.3021
-10.2339
-10.1626
-10.0802
-10.0016
-9.90913
-9.81941
-9.7137
-9.60831
-9.48173
-9.35213
-9.20858
-9.06961
-8.90515
-8.73945
-8.57192
-8.3872
-8.21555
-8.0208
-7.8213
-7.61647
-7.39654
-7.17362
-6.93603
-6.68222
-6.42119
-6.14953
-5.88327
-5.57862
-5.28194
-4.95251
-4.60532
-4.27799
-3.96312
-3.68012
-3.34352
-2.97939
-2.59677
-2.18705
-1.76041
-1.29329
-0.835768
-0.426269
-0.4933
-0.965645
-1.42283
-1.83341
-2.26565
-2.64294
-2.98644
-3.35327
-3.73042
-4.06285
-4.35583
-4.64847
-4.96163
-5.29569
-5.60248
-5.87992
-6.15375
-6.4187
-6.69668
-6.96368
-7.19041
-7.41139
-7.62138
-7.83221
-8.03061
-8.20983
-8.40787
-8.5992
-8.78497
-8.93882
-9.08905
-9.2352
-9.37837
-9.51682
-9.64738
-9.75816
-9.85016
-9.94303
-10.0472
-10.141
-10.2342
-10.3078
-10.3682
-10.4084
-10.4526
-10.4942
-10.5248
-10.5607
-10.5806
-10.5846
-10.5866
-10.5775
-10.5642
-10.5401
-10.5104
-10.4843
-10.4417
-10.3951
-10.3346
-10.2656
-10.1931
-10.1099
-10.0303
-9.93809
-9.84934
-9.74468
-9.6412
-9.51744
-9.39067
-9.24241
-9.10404
-8.94278
-8.77228
-8.60712
-8.4221
-8.25387
-8.05387
-7.86123
-7.6583
-7.43529
-7.20752
-6.96566
-6.71343
-6.4527
-6.17414
-5.89723
-5.60434
-5.30853
-4.9667
-4.61932
-4.29982
-4.00591
-3.6958
-3.38357
-3.02614
-2.61629
-2.21694
-1.75266
-1.29169
-0.835495
-0.431193
-0.505831
-0.982622
-1.44196
-1.85318
-2.28331
-2.66264
-3.00886
-3.37321
-3.75247
-4.08226
-4.37178
-4.66813
-4.98137
-5.31433
-5.6231
-5.8992
-6.17267
-6.43895
-6.71734
-6.98712
-7.21328
-7.43356
-7.64466
-7.8545
-8.05438
-8.23217
-8.4304
-8.62207
-8.80671
-8.96074
-9.10984
-9.25896
-9.40201
-9.54253
-9.67169
-9.7841
-9.87445
-9.96929
-10.0733
-10.1694
-10.2621
-10.3355
-10.3965
-10.4347
-10.4813
-10.5225
-10.5539
-10.592
-10.6115
-10.6147
-10.6187
-10.6083
-10.5922
-10.5682
-10.5396
-10.5147
-10.4717
-10.4251
-10.3648
-10.2948
-10.2217
-10.138
-10.0573
-9.96368
-9.8747
-9.76996
-9.6682
-9.54727
-9.42085
-9.27151
-9.12633
-8.96826
-8.79695
-8.62788
-8.4464
-8.275
-8.07484
-7.88981
-7.68128
-7.45278
-7.22626
-6.98258
-6.72952
-6.47547
-6.20278
-5.91044
-5.63735
-5.32248
-4.98304
-4.63745
-4.30391
-4.01387
-3.71333
-3.40757
-3.03952
-2.6403
-2.19086
-1.75791
-1.2794
-0.836869
-0.418131
-0.505237
-0.985404
-1.44726
-1.86124
-2.28982
-2.67351
-3.02383
-3.38581
-3.76882
-4.09569
-4.38102
-4.68151
-4.99437
-5.32574
-5.63746
-5.91213
-6.18514
-6.45417
-6.73352
-7.00665
-7.23299
-7.45262
-7.66572
-7.87444
-8.07586
-8.25218
-8.44975
-8.64158
-8.8238
-8.97792
-9.12484
-9.27662
-9.41854
-9.56061
-9.68756
-9.80139
-9.88961
-9.98643
-10.0893
-10.1881
-10.2794
-10.3528
-10.4137
-10.45
-10.4988
-10.539
-10.5715
-10.6123
-10.6303
-10.6338
-10.6394
-10.6268
-10.6079
-10.5847
-10.5572
-10.5325
-10.4883
-10.4413
-10.3813
-10.311
-10.239
-10.1532
-10.0734
-9.9795
-9.89039
-9.78537
-9.68287
-9.56201
-9.44178
-9.2911
-9.14304
-8.98557
-8.81737
-8.64117
-8.46914
-8.29079
-8.09948
-7.91815
-7.704
-7.47408
-7.24771
-7.00496
-6.74275
-6.4839
-6.21633
-5.9219
-5.63857
-5.31953
-4.99885
-4.65415
-4.31524
-4.00211
-3.7353
-3.39742
-3.0254
-2.6256
-2.21516
-1.75223
-1.27639
-0.796534
-0.396137
